{
    "1": {
        "aligned_on": "class_i",
        "alignment": {
            "alignment_length": 144,
            "rmsd": 3.411572933678096,
            "rotation_matrix": [
                -0.02577333189484121,
                -0.8024922850941099,
                -0.5961055843787013,
                -42.87777096695368,
                0.9453137248241567,
                0.17438331479965538,
                -0.27563095105332996,
                55.779993057250955,
                0.3251425795279932,
                -0.5706107183394986,
                0.7541125321157074,
                61.475229183832795,
                -44.76652076509264,
                -26.61656941307917,
                -26.17102777792347,
                1.0
            ]
        },
        "last_updated": "2022-11-26T12:12:23.539443"
    },
    "2": {
        "aligned_on": "class_i",
        "alignment": {
            "alignment_length": 144,
            "rmsd": 3.436487184857775,
            "rotation_matrix": [
                0.11764309863207044,
                -0.7141059672440015,
                -0.6900817117492347,
                -42.87777096695368,
                -0.9287343753033587,
                -0.32514553830205056,
                0.1781371355224678,
                55.779993057250955,
                -0.351585781103453,
                0.6199460028653934,
                -0.7014658880210043,
                61.475229183832795,
                -41.07162516646915,
                0.653458305013677,
                -58.19911824332342,
                1.0
            ]
        },
        "last_updated": "2022-11-26T12:11:05.381461"
    },
    "3": {
        "aligned_on": "class_i",
        "alignment": {
            "alignment_length": 144,
            "rmsd": 3.4495851278590814,
            "rotation_matrix": [
                0.003940299078442955,
                -0.8084784936776425,
                -0.5885125311358305,
                -42.85695845550959,
                0.5773972606898823,
                0.48234019025131364,
                -0.6587566654054792,
                55.747486114501925,
                0.8164538427804672,
                -0.3372098250778825,
                0.46871383218329643,
                61.63377083672416,
                -116.94011094835062,
                -69.47605554262795,
                -87.16269434822934,
                1.0
            ]
        },
        "last_updated": "2022-11-26T12:12:52.839429"
    },
    "4": {
        "aligned_on": "class_i",
        "alignment": {
            "alignment_length": 144,
            "rmsd": 3.418431116338769,
            "rotation_matrix": [
                0.0008420434446182248,
                -0.6742712479174758,
                -0.7384832937816858,
                -42.87777096695368,
                -0.5918088879620761,
                -0.5956114709242746,
                0.5431475083552474,
                55.779993057250955,
                -0.8060778691242731,
                0.4365836230726391,
                -0.39954124814947395,
                61.475229183832795,
                -137.26721546385025,
                -45.16129853990343,
                -115.09088203642101,
                1.0
            ]
        },
        "last_updated": "2022-11-26T12:08:58.357088"
    }
}