{
    "1": {
        "aligned_on": "class_i",
        "alignment": {
            "alignment_length": 176,
            "rmsd": 2.455743607471606,
            "rotation_matrix": [
                0.7474166135282341,
                -0.3851081605205663,
                -0.5413502660223342,
                -41.7462898492813,
                0.5349285293053907,
                -0.1343755250916046,
                0.8341430853226126,
                55.99722153490237,
                -0.3939795354547721,
                -0.913036101672229,
                0.10557084202572539,
                63.654596523805104,
                -83.47269318320537,
                -64.8017330603166,
                -245.09310193495315,
                1.0
            ]
        },
        "last_updated": "2022-11-26T12:42:59.254717"
    },
    "2": {
        "aligned_on": "class_i",
        "alignment": {
            "alignment_length": 176,
            "rmsd": 2.456047181593146,
            "rotation_matrix": [
                0.05435203935828003,
                0.9976875639833044,
                0.04080907363143686,
                -41.7462898492813,
                -0.6373574230113781,
                0.06612476709750582,
                -0.7677258824011313,
                55.99722153490237,
                -0.7686490559090612,
                0.01571750137142237,
                0.6394775906947389,
                63.654596523805104,
                -62.59926130554892,
                -52.29018748890268,
                -197.08005124872372,
                1.0
            ]
        },
        "last_updated": "2022-11-26T12:42:56.082754"
    },
    "3": {
        "aligned_on": "class_i",
        "alignment": {
            "alignment_length": 176,
            "rmsd": 2.454130212294321,
            "rotation_matrix": [
                0.8020418480016546,
                -0.46606259852367665,
                -0.3735164364675931,
                -41.7462898492813,
                -0.41558027575545997,
                0.013695619789888579,
                -0.9094533877014185,
                55.99722153490237,
                0.4289777482074181,
                0.8846457394098097,
                -0.18270196300796548,
                63.654596523805104,
                -125.50850564783269,
                -72.76377849145366,
                -307.82077858664763,
                1.0
            ]
        },
        "last_updated": "2022-11-26T12:42:54.951185"
    }
}