{
    "1": {
        "aligned_on": "class_i",
        "alignment": {
            "alignment_length": 176,
            "rmsd": 0.7062861636476365,
            "rotation_matrix": [
                -0.9598685089091652,
                0.2550526772710764,
                0.11662151354425247,
                -41.35829552737147,
                -0.09053619457517831,
                0.11176521875195897,
                -0.9896018054496327,
                56.18436358191748,
                -0.2654348188846776,
                -0.9604460774526511,
                -0.08418841505501541,
                63.26311928575689,
                10.033306804863965,
                0.019857986322180762,
                -15.016647754745046,
                1.0
            ]
        },
        "last_updated": "2022-11-26T12:10:33.272727"
    },
    "2": {
        "aligned_on": "class_i",
        "alignment": {
            "alignment_length": 176,
            "rmsd": 0.7888209173405293,
            "rotation_matrix": [
                -0.9426264424469892,
                0.3227857147408115,
                0.08523363396568726,
                -41.35829552737147,
                -0.048142574279035774,
                0.12121093374518768,
                -0.9914586234848164,
                56.18436358191748,
                -0.330359928776964,
                -0.9386784816431465,
                -0.09871689601378258,
                63.26311928575689,
                -27.116613680666145,
                -61.14382399212229,
                -64.10447718880397,
                1.0
            ]
        },
        "last_updated": "2022-11-26T12:10:09.142758"
    },
    "3": {
        "aligned_on": "class_i",
        "alignment": {
            "alignment_length": 176,
            "rmsd": 0.7161470425085953,
            "rotation_matrix": [
                -0.9325558449996793,
                -0.31461674536359163,
                -0.17707597096657612,
                -41.35829552737147,
                -0.15333690870644365,
                -0.09887731863173424,
                0.9832146603303625,
                56.18436358191748,
                -0.32684459363019397,
                0.9440548603746608,
                0.04396626226658411,
                63.26311928575689,
                8.996335225550206,
                -83.26785226301713,
                -35.18441471186549,
                1.0
            ]
        },
        "last_updated": "2022-11-26T12:11:58.846547"
    },
    "4": {
        "aligned_on": "class_i",
        "alignment": {
            "alignment_length": 176,
            "rmsd": 0.7002418226578007,
            "rotation_matrix": [
                -0.9473750471224491,
                -0.24416287745796827,
                -0.20703866634322626,
                -41.35829552737147,
                -0.1826664008520426,
                -0.11881340375873611,
                0.9759694467999623,
                56.18436358191748,
                -0.26289447709964836,
                0.9624281086703091,
                0.06796049993778593,
                63.26311928575689,
                -24.07857379181816,
                -19.238255666230216,
                -83.61694899472324,
                1.0
            ]
        },
        "last_updated": "2022-11-26T12:12:39.334386"
    }
}