{
    "1": {
        "aligned_on": "class_i",
        "alignment": {
            "alignment_length": 176,
            "rmsd": 0.42715887236026795,
            "rotation_matrix": [
                -0.6939921163188025,
                -0.5400385100474343,
                0.47616525508808044,
                -41.35829552737147,
                -0.4769367935610419,
                -0.150616136732991,
                -0.865936530181826,
                56.18436358191748,
                0.5393572447228843,
                -0.8280538551455308,
                -0.15303782389841533,
                63.26311928575689,
                34.8119318431074,
                -43.78946023637597,
                -19.863346653905786,
                1.0
            ]
        },
        "last_updated": "2022-11-26T12:08:32.625179"
    },
    "2": {
        "aligned_on": "class_i",
        "alignment": {
            "alignment_length": 176,
            "rmsd": 0.430657433485345,
            "rotation_matrix": [
                0.26277774060866227,
                0.03002162000299234,
                0.9643892167444645,
                -41.2761761925437,
                -0.0286790053625449,
                -0.998831146780098,
                0.038908287977882816,
                56.172141985459746,
                0.9644300771398733,
                -0.037881955524374414,
                -0.2616096017993752,
                63.41097723353994,
                -3.691193152557719,
                14.122874991460279,
                -5.603636388582262,
                1.0
            ]
        },
        "last_updated": "2022-11-26T12:12:42.636264"
    },
    "3": {
        "aligned_on": "class_i",
        "alignment": {
            "alignment_length": 176,
            "rmsd": 0.43272997519592876,
            "rotation_matrix": [
                0.10965662603504912,
                0.9717967762040115,
                0.20877368159349094,
                -41.35829552737147,
                0.9221152308602444,
                -0.1778687488626924,
                0.34360763843892994,
                56.18436358191748,
                0.3710511088545181,
                0.15483453728904067,
                -0.9156130955159615,
                63.26311928575689,
                -6.84648296765094,
                -29.707278484647926,
                -63.74215897646817,
                1.0
            ]
        },
        "last_updated": "2022-11-26T12:10:27.081616"
    },
    "4": {
        "aligned_on": "class_i",
        "alignment": {
            "alignment_length": 176,
            "rmsd": 0.43998595808068097,
            "rotation_matrix": [
                -0.8638292281714502,
                0.4029350797832586,
                -0.3023944213056446,
                -41.2761761925437,
                0.5030108050553929,
                0.6565842036313186,
                -0.5620296375987235,
                56.172141985459746,
                -0.027914056570877442,
                -0.6376052893615971,
                -0.7698573247192443,
                63.41097723353994,
                -31.14489210193806,
                -40.5324431332675,
                4.403596630065955,
                1.0
            ]
        },
        "last_updated": "2022-11-26T12:11:48.385090"
    }
}