{
    "1": {
        "aligned_on": "class_i",
        "alignment": {
            "alignment_length": 176,
            "rmsd": 0.8243944823280416,
            "rotation_matrix": [
                -0.4386472180587901,
                0.3439321577014706,
                0.830240500691273,
                -41.31773870641533,
                -0.8609529648763337,
                0.10397328131266892,
                -0.4979453273640867,
                56.18623289194972,
                -0.25758223999324037,
                -0.933220353224193,
                0.2505018202891494,
                63.33786929737438,
                -41.19084082950245,
                -0.5014033660461951,
                -15.777926173738448,
                1.0
            ]
        },
        "last_updated": "2022-11-26T12:10:36.840764"
    },
    "2": {
        "aligned_on": "class_i",
        "alignment": {
            "alignment_length": 176,
            "rmsd": 0.8215296537664615,
            "rotation_matrix": [
                -0.750076486045356,
                -0.24818715999414254,
                0.6130158225493797,
                -41.35829552737147,
                0.6512081074695442,
                -0.11545152929656474,
                0.7500659605321512,
                56.18436358191748,
                -0.11538312635643576,
                0.9618077136294583,
                0.24821896816135625,
                63.26311928575689,
                -53.60054553638806,
                -81.62754004651846,
                -29.148647744547247,
                1.0
            ]
        },
        "last_updated": "2022-11-26T12:10:13.910063"
    },
    "3": {
        "aligned_on": "class_i",
        "alignment": {
            "alignment_length": 176,
            "rmsd": 0.821552772985151,
            "rotation_matrix": [
                -0.749956853372755,
                -0.25125701724959454,
                0.6119106383795538,
                -41.31773870641533,
                0.6520076731508978,
                -0.12473670556211326,
                0.7478815069500399,
                56.18623289194972,
                -0.1115827595625237,
                0.9598492931540594,
                0.25736865038318957,
                63.33786929737438,
                -52.289249962026425,
                -20.226017000672243,
                -106.85441480983386,
                1.0
            ]
        },
        "last_updated": "2022-11-26T12:10:23.384800"
    },
    "4": {
        "aligned_on": "class_i",
        "alignment": {
            "alignment_length": 176,
            "rmsd": 0.8537379835927261,
            "rotation_matrix": [
                -0.4735279885793518,
                0.43443170446708995,
                0.7661855768583825,
                -41.2761761925437,
                -0.8115315118774603,
                0.12289888982314708,
                -0.5712376634205084,
                56.172141985459746,
                -0.3423271085699721,
                -0.8922807613268688,
                0.29435895383708927,
                63.41097723353994,
                -40.825687646865866,
                -63.576403422789156,
                -90.99296565489337,
                1.0
            ]
        },
        "last_updated": "2022-11-26T12:09:38.710423"
    }
}