{
    "1": {
        "aligned_on": "class_i",
        "alignment": {
            "alignment_length": 176,
            "rmsd": 0.7871009787692284,
            "rotation_matrix": [
                -0.9626224360013553,
                0.25035984123802696,
                0.10333438731654872,
                -41.35829552737147,
                -0.08153147603124077,
                0.0959728127159872,
                -0.9920392319034307,
                56.18436358191748,
                -0.2582840764022896,
                -0.9633842271464963,
                -0.07197337537148196,
                63.26311928575689,
                10.092806788923394,
                -0.7561250290071406,
                -14.98293746330521,
                1.0
            ]
        },
        "last_updated": "2022-11-26T12:10:58.584870"
    },
    "2": {
        "aligned_on": "class_i",
        "alignment": {
            "alignment_length": 176,
            "rmsd": 0.7405484378951018,
            "rotation_matrix": [
                -0.9409324970633395,
                0.32934820964741696,
                0.07858621235426308,
                -41.35829552737147,
                -0.04157986928892712,
                0.11794625520778398,
                -0.992149079197464,
                56.18436358191748,
                -0.33603147239516695,
                -0.9368129149859651,
                -0.09728520892424834,
                63.26311928575689,
                -26.79757386987858,
                -60.617494409734576,
                -63.955051140351735,
                1.0
            ]
        },
        "last_updated": "2022-11-26T12:11:50.333582"
    },
    "3": {
        "aligned_on": "class_i",
        "alignment": {
            "alignment_length": 176,
            "rmsd": 0.7200002847636614,
            "rotation_matrix": [
                -0.931526548314897,
                -0.31391903576263713,
                -0.18361135250956104,
                -41.35829552737147,
                -0.16728671237510565,
                -0.07842260146419272,
                0.9827843361807904,
                56.18436358191748,
                -0.32291399109865593,
                0.94620543993651,
                0.020538251807119504,
                63.26311928575689,
                8.702517060139641,
                -82.79492627490656,
                -35.121539657766164,
                1.0
            ]
        },
        "last_updated": "2022-11-26T12:10:55.599927"
    },
    "4": {
        "aligned_on": "class_i",
        "alignment": {
            "alignment_length": 176,
            "rmsd": 0.7094911165467602,
            "rotation_matrix": [
                -0.9530195289363756,
                -0.22738128692737236,
                -0.20012877809335664,
                -41.35829552737147,
                -0.17619282297123084,
                -0.12129963947507368,
                0.9768533598225713,
                56.18436358191748,
                -0.24639372272709506,
                0.966221583188074,
                0.07553797443812163,
                63.26311928575689,
                -23.380738652565263,
                -19.318590901601553,
                -83.07359695434579,
                1.0
            ]
        },
        "last_updated": "2022-11-26T12:11:15.894507"
    }
}