{
    "1": {
        "aligned_on": "class_i",
        "alignment": {
            "alignment_length": 152,
            "rmsd": 2.851370295605228,
            "rotation_matrix": [
                0.6887336517778345,
                -0.495843611821972,
                -0.5289471330143596,
                -43.59406585442392,
                0.4687788373400361,
                -0.25199032427293194,
                0.8466092830432149,
                55.265697353764615,
                -0.5530753642776842,
                -0.8310475251681848,
                0.05888677560321133,
                62.09639458907279,
                27.954414565312227,
                -33.94208564256366,
                -129.7941247538516,
                1.0
            ]
        },
        "last_updated": "2022-11-26T12:42:33.695919"
    },
    "2": {
        "aligned_on": "class_i",
        "alignment": {
            "alignment_length": 152,
            "rmsd": 2.8271314919205124,
            "rotation_matrix": [
                -0.6579697129448503,
                0.511646400994973,
                -0.5525339964166572,
                -43.22279612641585,
                -0.4940629734715139,
                0.26043435531611553,
                0.8295033000630955,
                55.41687498594588,
                0.5683112132377449,
                0.8187746374430334,
                0.08142762423325317,
                62.14457230818899,
                -6.383644715784807,
                -8.570006554554169,
                -62.97267083117834,
                1.0
            ]
        },
        "last_updated": "2022-11-26T12:40:20.756896"
    },
    "3": {
        "aligned_on": "class_i",
        "alignment": {
            "alignment_length": 152,
            "rmsd": 2.8375560405100217,
            "rotation_matrix": [
                0.6823756679306172,
                -0.4767142513392247,
                -0.5541723291416906,
                -43.59406585442392,
                0.49523267570311874,
                -0.2561427723930568,
                0.8301418415347633,
                55.265697353764615,
                -0.53768768326248,
                -0.8409128389559057,
                0.061298878839221,
                62.09639458907279,
                -70.08713165082432,
                -38.73960532640156,
                -62.08862502951373,
                1.0
            ]
        },
        "last_updated": "2022-11-26T12:37:58.851893"
    },
    "4": {
        "aligned_on": "class_i",
        "alignment": {
            "alignment_length": 120,
            "rmsd": 2.1834484054875927,
            "rotation_matrix": [
                -0.6882677163676827,
                0.4712046759419218,
                -0.5515919723640682,
                -41.47820847829183,
                -0.4813091783769721,
                0.2722977627003377,
                0.8331838952107,
                54.89925835927329,
                0.542797407340988,
                0.8389398558888825,
                0.03938137611920334,
                59.643158213297525,
                15.261133319853492,
                -73.1129499753316,
                -127.26572494506838,
                1.0
            ]
        },
        "last_updated": "2022-11-26T12:41:07.125463"
    }
}