{
    "1": {
        "aligned_on": "class_i",
        "alignment": {
            "alignment_length": 176,
            "rmsd": 0.6729451555623395,
            "rotation_matrix": [
                -0.9622982538811179,
                0.24870596214645224,
                0.11012454299636706,
                -41.35829552737147,
                -0.0839307809806168,
                0.11360425592206345,
                -0.9899745941388486,
                56.18436358191748,
                -0.2587232007017057,
                -0.9618936622253013,
                -0.08844709146977775,
                63.26311928575689,
                10.257210224020207,
                -0.8046079582788751,
                -15.370454505085942,
                1.0
            ]
        },
        "last_updated": "2022-11-26T12:09:48.564116"
    },
    "2": {
        "aligned_on": "class_i",
        "alignment": {
            "alignment_length": 176,
            "rmsd": 0.6648434876410861,
            "rotation_matrix": [
                -0.9415049574546497,
                0.3299786888776639,
                0.06842864878759858,
                -41.35829552737147,
                -0.0360012497999137,
                0.10340626301871578,
                -0.993987452024093,
                56.18436358191748,
                -0.3350706270343059,
                -0.9383076306068724,
                -0.08547786405704752,
                63.26311928575689,
                -27.17845456979492,
                -60.758403171192484,
                -63.84909094463696,
                1.0
            ]
        },
        "last_updated": "2022-11-26T12:11:18.834913"
    },
    "3": {
        "aligned_on": "class_i",
        "alignment": {
            "alignment_length": 176,
            "rmsd": 0.7148467563706701,
            "rotation_matrix": [
                -0.9293836033118764,
                -0.3082385365485719,
                -0.20306433089399753,
                -41.35829552737147,
                -0.18404134277330433,
                -0.0899105228070817,
                0.9787976716557698,
                56.18436358191748,
                -0.3199607820424736,
                0.9470507391238082,
                0.026832731501222694,
                63.26311928575689,
                8.758619293612849,
                -82.95765909281647,
                -34.93921027400276,
                1.0
            ]
        },
        "last_updated": "2022-11-26T12:11:37.062525"
    },
    "4": {
        "aligned_on": "class_i",
        "alignment": {
            "alignment_length": 176,
            "rmsd": 0.6720937591799091,
            "rotation_matrix": [
                -0.9522546750444826,
                -0.23456830403346118,
                -0.19541940691444185,
                -41.35829552737147,
                -0.17495860268084967,
                -0.10528621206307098,
                0.9789301818298252,
                56.18436358191748,
                -0.2502009616366235,
                0.9663811485600676,
                0.05921954494787304,
                63.26311928575689,
                -23.77105682207781,
                -19.544000005010858,
                -83.62979576804419,
                1.0
            ]
        },
        "last_updated": "2022-11-26T12:09:13.650061"
    }
}