{
    "1": {
        "aligned_on": "class_i",
        "alignment": {
            "alignment_length": 176,
            "rmsd": 0.7297800293160345,
            "rotation_matrix": [
                0.9614521239044613,
                0.2510714882620364,
                -0.1121290382616669,
                -41.35829552737147,
                0.08596298367234306,
                0.11289664754720066,
                0.9898811607515072,
                56.18436358191748,
                0.261189928744867,
                -0.9613622911028334,
                0.08696186731988895,
                63.26311928575689,
                -44.999136372046046,
                -0.7142841197042298,
                -33.18826140056958,
                1.0
            ]
        },
        "last_updated": "2022-11-26T12:39:59.039397"
    },
    "2": {
        "aligned_on": "class_i",
        "alignment": {
            "alignment_length": 176,
            "rmsd": 0.7307529706074397,
            "rotation_matrix": [
                0.9436132919605744,
                0.32291756195101723,
                -0.07292601332129935,
                -41.35829552737147,
                0.0404570729131246,
                0.10615125198220765,
                0.993526616127576,
                56.18436358191748,
                0.3285683802294878,
                -0.9404552939327949,
                0.08710143297988662,
                63.26311928575689,
                -77.416937307878,
                -60.92271590232846,
                -81.2505455884067,
                1.0
            ]
        },
        "last_updated": "2022-11-26T12:40:21.864047"
    },
    "3": {
        "aligned_on": "class_i",
        "alignment": {
            "alignment_length": 176,
            "rmsd": 0.7224228749364696,
            "rotation_matrix": [
                -0.9516063329826052,
                -0.23572895396388974,
                -0.19717314038805786,
                -41.35829552737147,
                -0.1745197975252789,
                -0.1135918367123506,
                0.9780796158309663,
                56.18436358191748,
                -0.25295894390025864,
                0.9651573731238886,
                0.066955341873975,
                63.26311928575689,
                10.927392073314298,
                -81.24401708082713,
                -35.085818269036054,
                1.0
            ]
        },
        "last_updated": "2022-11-26T12:39:21.955703"
    },
    "4": {
        "aligned_on": "class_i",
        "alignment": {
            "alignment_length": 176,
            "rmsd": 0.7909572647899507,
            "rotation_matrix": [
                -0.9307186434156302,
                -0.3038650099973878,
                -0.20354081285545042,
                -41.35829552737147,
                -0.18409404013620742,
                -0.09165443663241987,
                0.978626000386216,
                56.18436358191748,
                -0.31602561792503214,
                0.9482961140618903,
                0.029364755579101363,
                63.26311928575689,
                -26.004545512524533,
                -21.265164739282966,
                -83.40186951377181,
                1.0
            ]
        },
        "last_updated": "2022-11-26T12:41:13.688023"
    }
}