{
    "1": {
        "aligned_on": "class_i",
        "alignment": {
            "alignment_length": 176,
            "rmsd": 0.6585807445335364,
            "rotation_matrix": [
                0.9617992592163429,
                0.2530737061994177,
                -0.10438335212755365,
                -41.2761761925437,
                0.07638341446238583,
                0.1180707039154823,
                0.9900630701485484,
                56.172141985459746,
                0.262883546396425,
                -0.9602150842948641,
                0.09422968177090087,
                63.41097723353994,
                -44.79063622518019,
                -0.645153415347026,
                -33.13045450774106,
                1.0
            ]
        },
        "last_updated": "2022-11-26T12:10:40.266273"
    },
    "2": {
        "aligned_on": "class_i",
        "alignment": {
            "alignment_length": 176,
            "rmsd": 0.7414707627482772,
            "rotation_matrix": [
                0.9408434818281071,
                0.3317927125877526,
                -0.06875418951034984,
                -41.35829552737147,
                0.0341246597460143,
                0.10909689931969987,
                0.9934452044053794,
                56.18436358191748,
                0.3371187480677735,
                -0.9370226584413466,
                0.09132079318933253,
                63.26311928575689,
                -77.23797147924255,
                -60.79541470787744,
                -81.99588645588263,
                1.0
            ]
        },
        "last_updated": "2022-11-26T12:11:29.320885"
    },
    "3": {
        "aligned_on": "class_i",
        "alignment": {
            "alignment_length": 176,
            "rmsd": 0.7923062018309122,
            "rotation_matrix": [
                -0.9548985372791314,
                -0.24178035412590354,
                -0.17236891790844333,
                -41.35829552737147,
                -0.1467135791207115,
                -0.12051051055086501,
                0.9818107468083452,
                56.18436358191748,
                -0.25815481634818616,
                0.9628185068877324,
                0.07960284913689789,
                63.26311928575689,
                10.696039766411893,
                -80.9659659645775,
                -35.14251707900652,
                1.0
            ]
        },
        "last_updated": "2022-11-26T12:11:57.228015"
    },
    "4": {
        "aligned_on": "class_i",
        "alignment": {
            "alignment_length": 176,
            "rmsd": 0.7681047332994949,
            "rotation_matrix": [
                -0.9303378368025874,
                -0.3061694092925441,
                -0.2018212135206229,
                -41.35829552737147,
                -0.18076263064918097,
                -0.09595751851614306,
                0.9788345243201284,
                56.18436358191748,
                -0.3190554509395979,
                0.9471285274204759,
                0.03392892235322646,
                63.26311928575689,
                -26.40189773115244,
                -20.90511361865157,
                -83.98560224879877,
                1.0
            ]
        },
        "last_updated": "2022-11-26T12:10:49.051096"
    }
}