{
    "1": {
        "aligned_on": "class_i",
        "alignment": {
            "alignment_length": 168,
            "rmsd": 2.6056374156758833,
            "rotation_matrix": [
                -0.11408365915899812,
                0.9918279060360015,
                0.057116753419069466,
                -40.80005363055637,
                0.5677350035670277,
                0.11226660530416385,
                -0.8155201867876885,
                56.27518447240192,
                -0.8152679832040755,
                -0.060610346820656594,
                -0.5759032049056848,
                63.47803569975353,
                -41.374702237901204,
                -115.4595056715465,
                -120.69407172430128,
                1.0
            ]
        },
        "last_updated": "2022-11-26T12:40:14.540660"
    },
    "2": {
        "aligned_on": "class_i",
        "alignment": {
            "alignment_length": 176,
            "rmsd": 2.4896420876012075,
            "rotation_matrix": [
                0.958040424361253,
                -0.2806951353438882,
                -0.058041246402765756,
                -41.796017126603545,
                0.21458481083891595,
                0.5681199683480607,
                0.7944765953263977,
                55.895602204582886,
                -0.19003132438347348,
                -0.7735954644117781,
                0.6045148080854497,
                63.63646585291084,
                -37.527676148848094,
                -120.54522752761837,
                -38.60830108685928,
                1.0
            ]
        },
        "last_updated": "2022-11-26T12:36:07.558901"
    },
    "3": {
        "aligned_on": "class_i",
        "alignment": {
            "alignment_length": 168,
            "rmsd": 2.5842282770320653,
            "rotation_matrix": [
                -0.4325945729335053,
                0.11157833187943228,
                0.8946575944591769,
                -41.145547685169035,
                -0.7072230168110915,
                0.5734682094869585,
                -0.4134849661117572,
                56.35317850112912,
                -0.5591936515743867,
                -0.8115937952959132,
                -0.16916847069143143,
                63.39792258398874,
                -19.51845831157906,
                -126.50355343591598,
                -102.61781538100465,
                1.0
            ]
        },
        "last_updated": "2022-11-26T12:42:07.248821"
    },
    "4": {
        "aligned_on": "class_i",
        "alignment": {
            "alignment_length": 168,
            "rmsd": 2.519452760886182,
            "rotation_matrix": [
                0.037707177423655126,
                -0.43517223292293417,
                -0.8995572780338166,
                -41.11993458157494,
                0.45695968764933065,
                -0.7930548671959754,
                0.4028049422241497,
                56.360166595095656,
                -0.8886878038063579,
                -0.4262500502165861,
                0.16895230704607395,
                63.310494014195044,
                -46.12805953479946,
                -97.11264246986026,
                -57.01444040025987,
                1.0
            ]
        },
        "last_updated": "2022-11-26T12:37:28.004440"
    }
}