{
    "1": {
        "aligned_on": "class_i",
        "alignment": {
            "alignment_length": 176,
            "rmsd": 0.7168046956317865,
            "rotation_matrix": [
                -0.9637897113953835,
                0.24210419125954702,
                0.1117808247552534,
                -41.35829552737147,
                -0.08604802872168872,
                0.11440269444015755,
                -0.9897008438199612,
                56.18436358191748,
                -0.252398749920667,
                -0.9634820102520817,
                -0.08942755145419075,
                63.26311928575689,
                10.036147731282902,
                -0.7869375075467594,
                -15.401471608064393,
                1.0
            ]
        },
        "last_updated": "2022-11-26T12:41:56.687179"
    },
    "2": {
        "aligned_on": "class_i",
        "alignment": {
            "alignment_length": 176,
            "rmsd": 0.7316642483901686,
            "rotation_matrix": [
                -0.9455658303141441,
                0.3169809023106451,
                0.07367746000407717,
                -41.35829552737147,
                -0.04271439635003008,
                0.10355349543310594,
                -0.993706271454517,
                56.18436358191748,
                -0.32261546907545463,
                -0.9427617838849405,
                -0.08437699899444967,
                63.26311928575689,
                -27.234295411543403,
                -60.575238769704626,
                -63.777374939485036,
                1.0
            ]
        },
        "last_updated": "2022-11-26T12:42:34.216586"
    },
    "3": {
        "aligned_on": "class_i",
        "alignment": {
            "alignment_length": 176,
            "rmsd": 0.741803331319799,
            "rotation_matrix": [
                -0.93337162263855,
                -0.3010029007494691,
                -0.19548572273566697,
                -41.35829552737147,
                -0.17194851878264886,
                -0.10307293938197185,
                0.979698768017809,
                56.18436358191748,
                -0.315041459083616,
                0.9480365092693244,
                0.04444835374792394,
                63.26311928575689,
                8.789818218655208,
                -82.50044352358032,
                -34.81940905614332,
                1.0
            ]
        },
        "last_updated": "2022-11-26T12:42:24.336684"
    },
    "4": {
        "aligned_on": "class_i",
        "alignment": {
            "alignment_length": 176,
            "rmsd": 0.7049035127054472,
            "rotation_matrix": [
                -0.9537242090731263,
                -0.23099970653504667,
                -0.19248186566157882,
                -41.35829552737147,
                -0.17398099258828326,
                -0.09814993191663554,
                0.9798455006187229,
                56.18436358191748,
                -0.24523610510248184,
                0.9679905611344989,
                0.053418407957204816,
                63.26311928575689,
                -24.109590850093134,
                -19.657857951115474,
                -83.76095429333775,
                1.0
            ]
        },
        "last_updated": "2022-11-26T12:42:32.144222"
    }
}