{
    "1": {
        "aligned_on": "class_i",
        "alignment": {
            "alignment_length": 176,
            "rmsd": 0.8338573657455524,
            "rotation_matrix": [
                0.8630233945127427,
                0.5051573259717584,
                0.0025877675253875958,
                -41.35829552737147,
                0.4076613908801057,
                -0.6994658855061957,
                0.5869920488377434,
                56.18436358191748,
                0.2983333888611877,
                -0.505532937631265,
                -0.8095885609743405,
                63.26311928575689,
                -10.631142078306185,
                16.735647750679746,
                -26.209545352242227,
                1.0
            ]
        },
        "last_updated": "2022-11-26T12:12:51.823635"
    },
    "2": {
        "aligned_on": "class_i",
        "alignment": {
            "alignment_length": 176,
            "rmsd": 0.733458727364634,
            "rotation_matrix": [
                0.19439382192147928,
                0.9470113288538241,
                -0.2556962749460268,
                -41.35829552737147,
                -0.8677492636350769,
                0.04446958424821858,
                -0.49500875905136493,
                56.18436358191748,
                -0.45740819566284774,
                0.3181068988552506,
                0.830412995708252,
                63.26311928575689,
                19.305034126747742,
                2.054818223145874,
                31.178483079780236,
                1.0
            ]
        },
        "last_updated": "2022-11-26T12:11:47.408940"
    },
    "3": {
        "aligned_on": "class_i",
        "alignment": {
            "alignment_length": 176,
            "rmsd": 0.8306852169113671,
            "rotation_matrix": [
                -0.1901299527851492,
                -0.93503352539811,
                -0.29927062574783103,
                -41.35829552737147,
                0.8549183121713413,
                -0.007820898047114454,
                -0.518703685226779,
                56.18436358191748,
                0.48266477038211686,
                -0.3544730454284475,
                0.8008642703334068,
                63.26311928575689,
                17.18494315580888,
                15.42530681836334,
                -53.54242619601163,
                1.0
            ]
        },
        "last_updated": "2022-11-26T12:12:03.945431"
    },
    "4": {
        "aligned_on": "class_i",
        "alignment": {
            "alignment_length": 176,
            "rmsd": 0.8532331581014018,
            "rotation_matrix": [
                0.9418987664244035,
                -0.329621591045974,
                0.06462445763414254,
                -41.35829552737147,
                0.29668654812253925,
                0.7261974545685803,
                -0.6201728381195416,
                56.18436358191748,
                0.15749224098767117,
                0.6033132384544827,
                0.7817987786727768,
                63.26311928575689,
                6.200107966888356,
                -49.78063655983317,
                -58.084789774634615,
                1.0
            ]
        },
        "last_updated": "2022-11-26T12:10:12.994668"
    }
}