{
    "1": {
        "aligned_on": "class_i",
        "alignment": {
            "alignment_length": 176,
            "rmsd": 0.8442705432546302,
            "rotation_matrix": [
                -0.8247868824983839,
                0.333119649092501,
                -0.4569003149999856,
                -41.35829552737147,
                0.0767732239188854,
                -0.7345818074055951,
                -0.6741627698989539,
                56.18436358191748,
                -0.5602075245368432,
                -0.5911183194735369,
                0.5802987694585299,
                63.26311928575689,
                24.62450565533205,
                31.273488554087542,
                63.55613086440345,
                1.0
            ]
        },
        "last_updated": "2022-11-26T12:09:33.590338"
    },
    "2": {
        "aligned_on": "class_i",
        "alignment": {
            "alignment_length": 168,
            "rmsd": 0.9976806581681228,
            "rotation_matrix": [
                0.851878479291131,
                -0.3120863886657644,
                -0.42060093025359707,
                -40.30778578349522,
                -0.0431758160584584,
                0.7584924917211853,
                -0.6502499434142798,
                56.35550587517872,
                0.5219568041785797,
                0.5720937213535464,
                0.6326688458898022,
                63.18030355090186,
                54.67933927263533,
                -2.9551547744887925,
                64.25247001647948,
                1.0
            ]
        },
        "last_updated": "2022-11-26T12:12:11.187672"
    },
    "3": {
        "aligned_on": "class_i",
        "alignment": {
            "alignment_length": 176,
            "rmsd": 0.8399426926777889,
            "rotation_matrix": [
                -0.8244343966529051,
                -0.3333625726374706,
                0.4573590720430586,
                -41.35829552737147,
                0.07679594248545694,
                0.7347476788463844,
                0.6739794000172562,
                56.18436358191748,
                -0.5607230232773849,
                0.5907751210015341,
                -0.5801503663467701,
                63.26311928575689,
                24.638630648905583,
                41.77146590839733,
                12.479153420606803,
                1.0
            ]
        },
        "last_updated": "2022-11-26T12:12:44.501883"
    },
    "4": {
        "aligned_on": "class_i",
        "alignment": {
            "alignment_length": 176,
            "rmsd": 0.9954580707134855,
            "rotation_matrix": [
                0.8511637540718661,
                0.31173999550520776,
                0.42230136035383714,
                -41.35829552737147,
                -0.04510657488159944,
                -0.7581201159339847,
                0.650553062185317,
                56.18436358191748,
                0.5229585649520803,
                -0.5727757545660044,
                -0.6312228404649235,
                63.26311928575689,
                55.51452844793147,
                76.22891449928285,
                12.410306791584423,
                1.0
            ]
        },
        "last_updated": "2022-11-26T12:09:38.005601"
    }
}