{
    "1": {
        "aligned_on": "class_i",
        "alignment": {
            "alignment_length": 176,
            "rmsd": 0.9991305536631145,
            "rotation_matrix": [
                0.2838091015733689,
                -0.30770266842739646,
                0.9081692913255637,
                -41.35829552737147,
                0.905935323974889,
                0.396408029137331,
                -0.1488014220697162,
                56.18436358191748,
                -0.3142190042607702,
                0.8649738390715156,
                0.391262923215647,
                63.26311928575689,
                8.19080681785603,
                19.718579596755177,
                10.792852259283388,
                1.0
            ]
        },
        "last_updated": "2022-11-26T12:40:49.941862"
    },
    "2": {
        "aligned_on": "class_i",
        "alignment": {
            "alignment_length": 176,
            "rmsd": 0.9957008181089287,
            "rotation_matrix": [
                -0.28380571369992624,
                -0.336501777885284,
                -0.8978980289271822,
                -41.35829552737147,
                -0.9056422649500793,
                0.40174561686428456,
                0.13569284161821435,
                56.18436358191748,
                0.3150657150617405,
                0.8516848083712534,
                -0.4187679338037424,
                63.26311928575689,
                -11.95543185147372,
                21.260642034424986,
                -27.492204517126083,
                1.0
            ]
        },
        "last_updated": "2022-11-26T12:42:15.541071"
    },
    "3": {
        "aligned_on": "class_i",
        "alignment": {
            "alignment_length": 176,
            "rmsd": 0.9960582765548277,
            "rotation_matrix": [
                0.2747940393236759,
                0.32742820035108194,
                -0.9040348497525025,
                -41.35829552737147,
                0.906334846515525,
                -0.40211341639041076,
                0.12985355732713838,
                56.18436358191748,
                -0.3210068253851595,
                -0.8550412703335925,
                -0.4072579576662164,
                63.26311928575689,
                11.440249999815764,
                -3.697460240938446,
                -27.266443239016954,
                1.0
            ]
        },
        "last_updated": "2022-11-26T12:42:49.667159"
    },
    "4": {
        "aligned_on": "class_i",
        "alignment": {
            "alignment_length": 176,
            "rmsd": 0.998002558042138,
            "rotation_matrix": [
                -0.2688068719754166,
                0.32917178112027395,
                0.905200974421094,
                -41.35829552737147,
                -0.9051485754783325,
                -0.40764296909355463,
                -0.12055399644199682,
                56.18436358191748,
                0.3293158391094145,
                -0.8517471152065603,
                0.4075266001734914,
                63.26311928575689,
                -15.38870458169418,
                -4.971181831576611,
                9.67992611837954,
                1.0
            ]
        },
        "last_updated": "2022-11-26T12:41:23.425981"
    }
}