{
    "1": {
        "aligned_on": "class_i",
        "alignment": {
            "alignment_length": 176,
            "rmsd": 0.8818412092549905,
            "rotation_matrix": [
                0.827836734735691,
                0.5520636501949973,
                -0.09955936297267629,
                -41.31773870641533,
                0.05344436275875607,
                -0.2542873356487723,
                -0.9656508950018943,
                56.18623289194972,
                -0.5584174430580227,
                0.7940803971022231,
                -0.24001308761506301,
                63.33786929737438,
                -11.126562563256654,
                -1.2696704686280678,
                -7.005096582611179,
                1.0
            ]
        },
        "last_updated": "2022-11-26T12:41:30.604738"
    },
    "2": {
        "aligned_on": "class_i",
        "alignment": {
            "alignment_length": 176,
            "rmsd": 1.0060036025071988,
            "rotation_matrix": [
                0.4767095741721695,
                -0.5741397205593897,
                0.6656662550922757,
                -41.31773870641533,
                -0.6131371437453397,
                0.3254725763650336,
                0.7198127846837079,
                56.18623289194972,
                -0.6299292220975268,
                -0.7512863524051884,
                -0.1968704950908375,
                63.33786929737438,
                -24.305710193785746,
                -28.18058522722938,
                -36.398090888153455,
                1.0
            ]
        },
        "last_updated": "2022-11-26T12:42:40.433539"
    },
    "3": {
        "aligned_on": "class_i",
        "alignment": {
            "alignment_length": 176,
            "rmsd": 0.759566820028983,
            "rotation_matrix": [
                0.778156870479298,
                -0.12570519948967881,
                0.6153617535621826,
                -41.31773870641533,
                -0.5960076800092009,
                0.1612472661850411,
                0.7866219959535209,
                56.18623289194972,
                -0.19810787540104152,
                -0.978875641728361,
                0.050554403714956814,
                63.33786929737438,
                29.749971484596077,
                -67.8421875997023,
                -103.0340852303939,
                1.0
            ]
        },
        "last_updated": "2022-11-26T12:40:02.100239"
    },
    "4": {
        "aligned_on": "class_i",
        "alignment": {
            "alignment_length": 176,
            "rmsd": 0.7701240569388804,
            "rotation_matrix": [
                0.996227010689684,
                -0.043650949636010676,
                0.07500891792427679,
                -41.31773870641533,
                0.06910385123588404,
                -0.1238768074670529,
                -0.9898884756961964,
                56.18623289194972,
                0.05250143728189966,
                0.9913370421645933,
                -0.1203929728667315,
                63.33786929737438,
                -14.949710205197347,
                -36.003284080462,
                -61.85915335741913,
                1.0
            ]
        },
        "last_updated": "2022-11-26T12:38:37.050129"
    }
}