{
    "1": {
        "aligned_on": "class_i",
        "alignment": {
            "alignment_length": 176,
            "rmsd": 0.8513402749455338,
            "rotation_matrix": [
                -0.09073831501760404,
                0.9254814002345714,
                -0.3677645116207163,
                -41.2761761925437,
                -0.9232814967882679,
                0.06023107092979156,
                0.37937250267127437,
                56.172141985459746,
                0.3732530453675923,
                0.3739737904111843,
                0.849014586570402,
                63.41097723353994,
                -4.827045445669106,
                -9.140056777914817,
                -24.157698768106375,
                1.0
            ]
        },
        "last_updated": "2022-11-26T12:10:25.569646"
    },
    "2": {
        "aligned_on": "class_i",
        "alignment": {
            "alignment_length": 176,
            "rmsd": 0.8698290912274529,
            "rotation_matrix": [
                -0.273434879083958,
                -0.9250932397433139,
                -0.2635068588890256,
                -41.35829552737147,
                0.7893686713455907,
                -0.05926370724350646,
                -0.6110523002999432,
                56.18436358191748,
                0.5496639587952238,
                -0.3750870709381695,
                0.7464443861511634,
                63.26311928575689,
                -18.476914765821263,
                38.46718186140062,
                -16.176238701086152,
                1.0
            ]
        },
        "last_updated": "2022-11-26T12:11:15.061642"
    },
    "3": {
        "aligned_on": "class_i",
        "alignment": {
            "alignment_length": 176,
            "rmsd": 1.0164476574004453,
            "rotation_matrix": [
                0.007960609468426192,
                0.9661819434515173,
                0.2577383961406218,
                -41.2761761925437,
                0.9107218368850146,
                0.09943298272822607,
                -0.4008725704841292,
                56.172141985459746,
                -0.4129435367186124,
                0.2379191755492128,
                -0.8791314471615193,
                63.41097723353994,
                -42.361267024820485,
                -11.32755687341771,
                -50.38194886120886,
                1.0
            ]
        },
        "last_updated": "2022-11-26T12:10:36.754201"
    },
    "4": {
        "aligned_on": "class_i",
        "alignment": {
            "alignment_length": 176,
            "rmsd": 1.0071381243740214,
            "rotation_matrix": [
                0.21868342753489917,
                -0.966316681899737,
                0.13568208726236158,
                -41.2761761925437,
                -0.8024405399866961,
                -0.09896954754665255,
                0.5884676783343926,
                56.172141985459746,
                -0.5552177395467905,
                -0.23756493626100075,
                -0.7970546799008574,
                63.41097723353994,
                -22.447960203344184,
                40.785255692221895,
                -61.87602283737878,
                1.0
            ]
        },
        "last_updated": "2022-11-26T12:12:25.450229"
    }
}