{
    "1": {
        "aligned_on": "class_i",
        "alignment": {
            "alignment_length": 176,
            "rmsd": 0.8271105521450002,
            "rotation_matrix": [
                -0.9798821537633459,
                -0.1337246395390732,
                0.14815088766609405,
                -41.2761761925437,
                -0.12195947523971387,
                0.9888129456825578,
                0.08587691686266342,
                56.172141985459746,
                -0.15797737539078277,
                0.06608085373788782,
                -0.9852291457493082,
                63.41097723353994,
                -68.32046599821611,
                -57.80813082781703,
                -23.263164800676414,
                1.0
            ]
        },
        "last_updated": "2022-11-26T12:41:37.828839"
    },
    "2": {
        "aligned_on": "class_i",
        "alignment": {
            "alignment_length": 176,
            "rmsd": 0.8522501211294249,
            "rotation_matrix": [
                -0.9799550221436133,
                0.13315368943373443,
                -0.14818316222059413,
                -41.2761761925437,
                -0.1216459800494182,
                -0.9889937204417302,
                -0.08422396609422624,
                56.172141985459746,
                -0.15776694873555389,
                -0.06450981256374413,
                0.9853669742637332,
                63.41097723353994,
                -16.031159069664277,
                15.383420451120893,
                -40.08536930517719,
                1.0
            ]
        },
        "last_updated": "2022-11-26T12:38:26.204489"
    },
    "3": {
        "aligned_on": "class_i",
        "alignment": {
            "alignment_length": 176,
            "rmsd": 1.016421129380777,
            "rotation_matrix": [
                -0.8983619726225239,
                0.1708010635631021,
                -0.40468847627709975,
                -41.492647799578556,
                -0.12284865313972339,
                -0.9822358525057204,
                -0.14184829387100978,
                56.14736357602204,
                -0.4217273699530582,
                -0.07771567884329111,
                0.9033860186511652,
                63.529244271191686,
                -74.02524430101573,
                -37.45969900217924,
                18.16584084496241,
                1.0
            ]
        },
        "last_updated": "2022-11-26T12:39:34.605796"
    },
    "4": {
        "aligned_on": "class_i",
        "alignment": {
            "alignment_length": 176,
            "rmsd": 0.8752065469582699,
            "rotation_matrix": [
                -0.8986706342267113,
                -0.1727694619178853,
                0.403164735817959,
                -41.492647799578556,
                -0.12475100341310102,
                0.9818740265473231,
                0.1426905152389962,
                56.14736357602204,
                -0.4205095460580942,
                0.07793657049389657,
                -0.9039345179014157,
                63.529244271191686,
                -21.66561932082881,
                -4.990823845484887,
                -81.50501097332351,
                1.0
            ]
        },
        "last_updated": "2022-11-26T12:38:52.696085"
    }
}