{
    "1": {
        "aligned_on": "class_i",
        "alignment": {
            "alignment_length": 176,
            "rmsd": 0.9572750852800995,
            "rotation_matrix": [
                -0.32643128261244475,
                0.31585131981059855,
                -0.8908875133853303,
                -41.2761761925437,
                -0.8324810956524135,
                -0.5424689787012388,
                0.11270595604577524,
                56.172141985459746,
                -0.44768051455625296,
                0.7784377630361581,
                0.44001909727409644,
                63.41097723353994,
                6.720568153118205,
                3.9159431668337095,
                -35.08864771236074,
                1.0
            ]
        },
        "last_updated": "2022-11-26T12:42:12.096518"
    },
    "2": {
        "aligned_on": "class_i",
        "alignment": {
            "alignment_length": 176,
            "rmsd": 0.9631029420725679,
            "rotation_matrix": [
                -0.008527757435462665,
                0.6284377501740918,
                -0.777813134055505,
                -41.35829552737147,
                0.9329355060684783,
                0.2849885009673877,
                0.2200293067596061,
                56.18436358191748,
                0.35994252161959606,
                -0.723773133290043,
                -0.5887222032993481,
                63.26311928575689,
                42.60665928233756,
                -21.87044323066419,
                -13.519306774716824,
                1.0
            ]
        },
        "last_updated": "2022-11-26T12:42:19.396156"
    },
    "3": {
        "aligned_on": "class_i",
        "alignment": {
            "alignment_length": 176,
            "rmsd": 0.9556575543397564,
            "rotation_matrix": [
                -0.1512261947771061,
                -0.9596697082182325,
                0.23699090518745525,
                -41.31773870641533,
                -0.7371988868470056,
                0.26921111796969466,
                0.6197283075615017,
                56.18623289194972,
                -0.65853507062629,
                -0.08099027774887413,
                -0.748179213601519,
                63.33786929737438,
                19.856249982660465,
                -28.321852199055943,
                12.567318252578836,
                1.0
            ]
        },
        "last_updated": "2022-11-26T12:37:15.309792"
    }
}