{
    "1": {
        "aligned_on": "class_i",
        "alignment": {
            "alignment_length": 176,
            "rmsd": 0.8969075926426353,
            "rotation_matrix": [
                -0.6968958634512374,
                -0.5554359953553356,
                -0.4536816180629114,
                -41.2761761925437,
                0.5373130420195288,
                0.014616641676668155,
                -0.8432562176834606,
                56.172141985459746,
                0.4750061582551051,
                -0.8314308202428651,
                0.28825672718950135,
                63.41097723353994,
                8.662999995984144,
                18.580636359581895,
                -32.377130595120505,
                1.0
            ]
        },
        "last_updated": "2022-11-26T12:38:11.688693"
    },
    "2": {
        "aligned_on": "class_i",
        "alignment": {
            "alignment_length": 176,
            "rmsd": 0.8896451928748303,
            "rotation_matrix": [
                0.4547863964821676,
                0.6966450580419957,
                -0.5548468227181523,
                -41.2761761925437,
                0.8425948967672474,
                -0.5383468565518859,
                0.014714006337336844,
                56.172141985459746,
                -0.2884496030792145,
                -0.4742028312298098,
                -0.8318223977130431,
                63.41097723353994,
                -32.12919878417796,
                -8.666073839317754,
                -45.92407389120621,
                1.0
            ]
        },
        "last_updated": "2022-11-26T12:40:42.543196"
    },
    "3": {
        "aligned_on": "class_i",
        "alignment": {
            "alignment_length": 176,
            "rmsd": 0.9081946366599752,
            "rotation_matrix": [
                0.5555420983409391,
                -0.4528778456727928,
                0.6973339471657152,
                -41.2761761925437,
                -0.015533648227724973,
                -0.8441638262319151,
                -0.5358601872263237,
                56.172141985459746,
                0.8313433001736908,
                0.286860752596557,
                -0.4760033885132051,
                63.41097723353994,
                -18.580215949903838,
                32.11352840878746,
                -73.1918805729259,
                1.0
            ]
        },
        "last_updated": "2022-11-26T12:40:25.484590"
    }
}