{
    "1": {
        "aligned_on": "class_i",
        "alignment": {
            "alignment_length": 168,
            "rmsd": 3.497746851925681,
            "rotation_matrix": [
                0.005349526071688047,
                0.6033784012036633,
                -0.7974370743398626,
                -41.624910797391614,
                0.9998957825640973,
                -0.013920841810216019,
                -0.003825463870719909,
                56.16788687024796,
                -0.013409197639663998,
                -0.7973335030739683,
                -0.6033899885600142,
                63.36372618448166,
                -87.05685719989596,
                34.963339357149025,
                -9.259226131563382,
                1.0
            ]
        },
        "last_updated": "2022-11-26T12:40:15.418397"
    },
    "2": {
        "aligned_on": "class_i",
        "alignment": {
            "alignment_length": 168,
            "rmsd": 3.4774203308525915,
            "rotation_matrix": [
                -0.10927440318586576,
                0.7234090590434593,
                0.6817172713832546,
                -41.624910797391614,
                -0.9860458417603256,
                -0.16554019139116827,
                0.017608037407558542,
                56.16788687024796,
                0.12558942135205312,
                -0.6702803729246682,
                0.7314038001790968,
                63.36372618448166,
                -46.60499413808188,
                39.723154658362965,
                8.794357177136197,
                1.0
            ]
        },
        "last_updated": "2022-11-26T12:37:47.024188"
    },
    "3": {
        "aligned_on": "class_i",
        "alignment": {
            "alignment_length": 168,
            "rmsd": 3.471913702695037,
            "rotation_matrix": [
                0.6071263206335932,
                0.027111132482886217,
                0.7941426932796217,
                -41.624910797391614,
                -0.059956737961066306,
                0.9981316752608114,
                0.01176216026562963,
                56.16788687024796,
                -0.7923400913540747,
                -0.054755322449436074,
                0.6076175065750445,
                63.36372618448166,
                -34.50048805986131,
                -18.775892831030355,
                64.91454751150947,
                1.0
            ]
        },
        "last_updated": "2022-11-26T12:37:04.840235"
    },
    "4": {
        "aligned_on": "class_i",
        "alignment": {
            "alignment_length": 168,
            "rmsd": 3.4343611596817114,
            "rotation_matrix": [
                0.7355570238743254,
                -0.10635499396985995,
                -0.669062388635631,
                -41.624910797391614,
                -0.16760868853799227,
                -0.9854667504241517,
                -0.02761541842951875,
                56.16788687024796,
                -0.6564017002992295,
                0.13245338450237537,
                -0.7426930111278466,
                63.36372618448166,
                -30.462523786794563,
                22.655857120241453,
                47.40285734903248,
                1.0
            ]
        },
        "last_updated": "2022-11-26T12:40:29.143860"
    }
}