{
    "1": {
        "aligned_on": "class_i",
        "alignment": {
            "alignment_length": 168,
            "rmsd": 3.2792203119078125,
            "rotation_matrix": [
                0.22545285926872313,
                0.9475845994867547,
                -0.22639442365721912,
                -42.0627977166857,
                -0.9685358197959649,
                0.19285416730711274,
                -0.15730745667144605,
                56.18063686007543,
                -0.10540101526890544,
                0.2547365246049479,
                0.9612491503312122,
                63.67452380770729,
                -10.628708310425273,
                -50.60648208572754,
                -49.891863016855154,
                1.0
            ]
        },
        "last_updated": "2022-11-26T12:12:12.319705"
    },
    "2": {
        "aligned_on": "class_i",
        "alignment": {
            "alignment_length": 56,
            "rmsd": 5.398097813829992,
            "rotation_matrix": [
                0.06735286325204773,
                -0.8642465007013161,
                0.4985394446152491,
                -46.5340714114053,
                0.9849829898903975,
                -0.022018360073777013,
                -0.17124164635460237,
                54.303285871233264,
                0.15897201463881688,
                0.5025864879254034,
                0.8497851026680123,
                55.21880361012049,
                -33.23687498910087,
                -41.769624948501594,
                -38.16208927971977,
                1.0
            ]
        },
        "last_updated": "2022-11-26T12:11:22.546862"
    },
    "3": {
        "aligned_on": "class_i",
        "alignment": {
            "alignment_length": 168,
            "rmsd": 3.3092993321078428,
            "rotation_matrix": [
                -0.1528678770380094,
                -0.9525190780769451,
                -0.2633226501259219,
                -42.0627977166857,
                0.9822104050038929,
                -0.17584654673306674,
                0.06588408232755782,
                56.18063686007543,
                -0.10906022405983382,
                -0.24856668703086876,
                0.96245543773544,
                63.67452380770729,
                -27.34839874222164,
                3.2089642611820084,
                -52.51117860703243,
                1.0
            ]
        },
        "last_updated": "2022-11-26T12:11:41.324338"
    },
    "4": {
        "aligned_on": "class_i",
        "alignment": {
            "alignment_length": 56,
            "rmsd": 6.536950250174082,
            "rotation_matrix": [
                -0.47749571844086663,
                -0.8722090341840002,
                0.10606243236157442,
                -44.30957147053311,
                -0.35405431187338876,
                0.3014831548763623,
                0.8852985098652637,
                53.44448219026838,
                -0.8041413949763443,
                0.3851743864973482,
                -0.45276628504327737,
                63.72428553445,
                -10.515964290925435,
                -3.152089267969132,
                -35.8911247934614,
                1.0
            ]
        },
        "last_updated": "2022-11-26T12:11:54.148715"
    }
}