{
    "1": {
        "aligned_on": "class_i",
        "alignment": {
            "alignment_length": 176,
            "rmsd": 0.3643237209865924,
            "rotation_matrix": [
                -0.6646122704668274,
                -0.6464612358936092,
                0.37467105630384145,
                -41.35829552737147,
                -0.7301416800554585,
                0.6683982262480219,
                -0.14190467995908684,
                56.18436358191748,
                -0.158693594674522,
                -0.3678745460553172,
                -0.9162339555887856,
                63.26311928575689,
                -18.15597158297896,
                31.153767033056788,
                4.598772690398618,
                1.0
            ]
        },
        "last_updated": "2022-11-26T12:39:38.443147"
    },
    "2": {
        "aligned_on": "class_i",
        "alignment": {
            "alignment_length": 176,
            "rmsd": 0.2961464856256785,
            "rotation_matrix": [
                0.6594329618380398,
                -0.6425016698972148,
                -0.39030728025595507,
                -41.35829552737147,
                0.7268547305355834,
                0.677456936025903,
                0.11284635806458218,
                56.18436358191748,
                0.19191240069248938,
                -0.3581113011476821,
                0.913742811983087,
                63.26311928575689,
                -40.13425561514766,
                15.560647716745729,
                42.278710300272174,
                1.0
            ]
        },
        "last_updated": "2022-11-26T12:41:27.043538"
    },
    "3": {
        "aligned_on": "class_i",
        "alignment": {
            "alignment_length": 176,
            "rmsd": 0.2980622815474944,
            "rotation_matrix": [
                -0.6594068932695641,
                0.642741612183852,
                -0.3899561117303902,
                -41.35829552737147,
                -0.7271981618634636,
                -0.6768974428702272,
                0.11398546055592802,
                56.18436358191748,
                -0.19069709617868183,
                0.35873816608084796,
                0.9137513587984251,
                63.26311928575689,
                13.450744304213334,
                5.186607938683166,
                -1.2941761234013192,
                1.0
            ]
        },
        "last_updated": "2022-11-26T12:42:15.914568"
    },
    "4": {
        "aligned_on": "class_i",
        "alignment": {
            "alignment_length": 176,
            "rmsd": 0.3688690458862857,
            "rotation_matrix": [
                0.664598201469905,
                0.6462096638059691,
                0.37512971224197106,
                -41.31773870641533,
                0.7302328156538656,
                -0.6681033239861973,
                -0.14282150895723805,
                56.18623289194972,
                0.15833276838732877,
                0.3688509439900773,
                -0.9159037698210628,
                63.33786929737438,
                -8.558874989097774,
                -10.460113624957481,
                -38.92115919156507,
                1.0
            ]
        },
        "last_updated": "2022-11-26T12:40:23.741242"
    }
}