{
    "1": {
        "aligned_on": "class_i",
        "alignment": {
            "alignment_length": 176,
            "rmsd": 0.37047486135152474,
            "rotation_matrix": [
                0.667991314400963,
                0.6450412899270517,
                0.37109208853614645,
                -41.35829552737147,
                0.7276125639655061,
                -0.670731939072278,
                -0.14387015905977152,
                56.18436358191748,
                0.15610112313630614,
                0.3661152826605124,
                -0.9173832564190372,
                63.26311928575689,
                -13.113937462680049,
                4.7147727076980175,
                1.2818238590843993,
                1.0
            ]
        },
        "last_updated": "2022-11-26T12:41:26.239831"
    },
    "2": {
        "aligned_on": "class_i",
        "alignment": {
            "alignment_length": 176,
            "rmsd": 0.3184372862038089,
            "rotation_matrix": [
                0.6615555181661613,
                -0.6402372454786163,
                -0.3904363787941084,
                -41.45734095573424,
                0.725992004671946,
                0.6772206495212995,
                0.1196152206634183,
                56.15999991243533,
                0.18782945864882655,
                -0.36258579862413753,
                0.9128261790175529,
                63.211732886054314,
                -44.5558691783385,
                30.531721532344815,
                -4.505721623056823,
                1.0
            ]
        },
        "last_updated": "2022-11-26T12:42:41.870718"
    },
    "3": {
        "aligned_on": "class_i",
        "alignment": {
            "alignment_length": 176,
            "rmsd": 0.3624639014187452,
            "rotation_matrix": [
                -0.6680888033667468,
                -0.644923561155894,
                0.37112120807357324,
                -41.31773870641533,
                -0.7276464615422724,
                0.6705173182989239,
                -0.14469676176829122,
                56.18623289194972,
                -0.15552484631401672,
                -0.36671532027884995,
                -0.9172414600593356,
                63.33786929737438,
                -22.673789795149453,
                46.15905121239747,
                -42.03384100307122,
                1.0
            ]
        },
        "last_updated": "2022-11-26T12:42:49.229826"
    },
    "4": {
        "aligned_on": "class_i",
        "alignment": {
            "alignment_length": 176,
            "rmsd": 0.32738514995607965,
            "rotation_matrix": [
                -0.6618750411929006,
                0.6400159171571511,
                -0.39025767850407006,
                -41.45734095573424,
                -0.7256782313618986,
                -0.6775693546468137,
                0.11954444433334005,
                56.15999991243533,
                -0.18791629618892206,
                0.3623249859297459,
                0.9129118633239719,
                63.211732886054314,
                8.744630698474465,
                20.281164730814364,
                38.858562306924306,
                1.0
            ]
        },
        "last_updated": "2022-11-26T12:42:47.644268"
    }
}