{
    "1": {
        "aligned_on": "class_i",
        "alignment": {
            "alignment_length": 176,
            "rmsd": 0.7163694692139178,
            "rotation_matrix": [
                -0.9594393909389934,
                0.26076603668699666,
                0.10713136433915114,
                -41.2761761925437,
                -0.08270163419382917,
                0.1029503484591163,
                -0.9912424856985383,
                56.172141985459746,
                -0.269511585680991,
                -0.9598970256557215,
                -0.07720884224630913,
                63.41097723353994,
                10.008732988647273,
                -0.6181477075098738,
                -14.770971641621806,
                1.0
            ]
        },
        "last_updated": "2022-11-26T12:40:46.263743"
    },
    "2": {
        "aligned_on": "class_i",
        "alignment": {
            "alignment_length": 168,
            "rmsd": 0.7554544053464293,
            "rotation_matrix": [
                -0.934175699100317,
                -0.2979855370729869,
                -0.1962661022840087,
                -40.30778578349522,
                -0.1803528084065793,
                -0.08028052231529652,
                0.9803203059391571,
                56.35550587517872,
                -0.3078776180729822,
                0.9511885498848824,
                0.021253584582374647,
                63.18030355090186,
                9.832922615687412,
                40.15717261178154,
                -35.25486308052426,
                1.0
            ]
        },
        "last_updated": "2022-11-26T12:38:24.664788"
    },
    "3": {
        "aligned_on": "class_i",
        "alignment": {
            "alignment_length": 176,
            "rmsd": 0.7218270862714314,
            "rotation_matrix": [
                0.9487327135493974,
                -0.23533359284725985,
                0.2110079105597625,
                -41.2761761925437,
                0.18829129491739738,
                -0.11540951849553427,
                -0.9753086851345878,
                56.172141985459746,
                0.25387521836431043,
                0.9650382081131444,
                -0.06518151871692361,
                63.41097723353994,
                -45.67092597484589,
                41.19159642132844,
                -13.346079526977107,
                1.0
            ]
        },
        "last_updated": "2022-11-26T12:39:48.792010"
    },
    "4": {
        "aligned_on": "class_i",
        "alignment": {
            "alignment_length": 176,
            "rmsd": 0.7127032517446757,
            "rotation_matrix": [
                0.9461927137594083,
                0.3134109848423407,
                -0.08057855179115661,
                -41.2761761925437,
                0.04735651702908548,
                0.11221756828765686,
                0.9925545716294291,
                56.172141985459746,
                0.32011983494229135,
                -0.9429638232444335,
                0.09133739282879108,
                63.41097723353994,
                -42.678869301622534,
                0.37322159060171306,
                -32.514204632152214,
                1.0
            ]
        },
        "last_updated": "2022-11-26T12:41:01.072401"
    }
}