{
    "1": {
        "aligned_on": "class_i",
        "alignment": {
            "alignment_length": 176,
            "rmsd": 0.7423784708432422,
            "rotation_matrix": [
                -0.9606140359207229,
                0.25719105665358083,
                0.10523038710142103,
                -41.2761761925437,
                -0.08130865789086111,
                0.10196853797659981,
                -0.991459186963791,
                56.172141985459746,
                -0.26572462464756114,
                -0.9609657525845182,
                -0.07704054916460194,
                63.41097723353994,
                10.299710224551912,
                -0.6963579352860436,
                -14.749892015348777,
                1.0
            ]
        },
        "last_updated": "2022-11-26T12:12:01.549959"
    },
    "2": {
        "aligned_on": "class_i",
        "alignment": {
            "alignment_length": 168,
            "rmsd": 0.7755692716285885,
            "rotation_matrix": [
                -0.9332007070845127,
                -0.3101134994911809,
                -0.18156557418822455,
                -40.30778578349522,
                -0.16356086957208832,
                -0.08334063983336337,
                0.9830067037904613,
                56.35550587517872,
                -0.31997544006030904,
                0.9470395742446557,
                0.027051110378549657,
                63.18030355090186,
                9.678488097464044,
                40.642458404813496,
                -35.30787507692973,
                1.0
            ]
        },
        "last_updated": "2022-11-26T12:10:28.163012"
    },
    "3": {
        "aligned_on": "class_i",
        "alignment": {
            "alignment_length": 176,
            "rmsd": 0.7410765982648779,
            "rotation_matrix": [
                0.949387951865287,
                -0.2337931859159158,
                0.2097695475332899,
                -41.2761761925437,
                0.18411979437053422,
                -0.1268547877622744,
                -0.9746834173939456,
                56.172141985459746,
                0.2544846128432667,
                0.9639754193137261,
                -0.0773884538218608,
                63.41097723353994,
                -46.38867609067396,
                42.04576725309544,
                -13.60284658961676,
                1.0
            ]
        },
        "last_updated": "2022-11-26T12:13:03.573880"
    },
    "4": {
        "aligned_on": "class_i",
        "alignment": {
            "alignment_length": 176,
            "rmsd": 0.7523157090936512,
            "rotation_matrix": [
                0.9425190198825584,
                0.32450343246710134,
                -0.07972088482130066,
                -41.2761761925437,
                0.04216573050055791,
                0.12116991322755152,
                0.9917358031753125,
                56.172141985459746,
                0.331481444927127,
                -0.9380913465358779,
                0.1005220235745728,
                63.41097723353994,
                -43.013301004062996,
                0.37646592577749977,
                -32.544681863351315,
                1.0
            ]
        },
        "last_updated": "2022-11-26T12:11:22.060523"
    }
}