{
    "1": {
        "aligned_on": "class_i",
        "alignment": {
            "alignment_length": 176,
            "rmsd": 0.7706553248091804,
            "rotation_matrix": [
                0.9408440326392482,
                -0.25781668467254,
                0.2198705604476804,
                -41.35829552737147,
                0.19248848854858755,
                -0.12734855440694895,
                -0.973000784926066,
                56.18436358191748,
                0.27885603458307506,
                0.9577645341078986,
                -0.07018838352378753,
                63.26311928575689,
                -47.126784042878604,
                2.0504261364482983,
                -13.30286369269545,
                1.0
            ]
        },
        "last_updated": "2022-11-26T12:42:13.949119"
    },
    "2": {
        "aligned_on": "class_i",
        "alignment": {
            "alignment_length": 176,
            "rmsd": 0.7158500411560688,
            "rotation_matrix": [
                0.9470042195975311,
                0.3098189254681137,
                -0.08482476929679646,
                -41.35829552737147,
                0.053716858074125885,
                0.10760785569494805,
                0.9927411790347875,
                56.18436358191748,
                0.31669781689035303,
                -0.944686605607658,
                0.08526259415690912,
                63.26311928575689,
                -44.61145443266087,
                -39.91811353510077,
                -32.940738634629696,
                1.0
            ]
        },
        "last_updated": "2022-11-26T12:40:25.673979"
    },
    "3": {
        "aligned_on": "class_i",
        "alignment": {
            "alignment_length": 176,
            "rmsd": 0.7173014267731884,
            "rotation_matrix": [
                -0.9599185722722378,
                0.26459218893635306,
                0.09245165309878388,
                -41.35829552737147,
                -0.07039644279980203,
                0.09167741393666323,
                -0.9932973334379893,
                56.18436358191748,
                -0.2712944441892662,
                -0.9599928256647312,
                -0.06937650340196003,
                63.26311928575689,
                12.267113678157337,
                -40.69925575906581,
                -15.63980116762898,
                1.0
            ]
        },
        "last_updated": "2022-11-26T12:41:32.900891"
    },
    "4": {
        "aligned_on": "class_i",
        "alignment": {
            "alignment_length": 176,
            "rmsd": 0.7998853404855095,
            "rotation_matrix": [
                -0.9283271862107454,
                -0.309650114996195,
                -0.20573147942131503,
                -41.35829552737147,
                -0.18235915443604261,
                -0.10295736116825902,
                0.9778266311441104,
                56.18436358191748,
                -0.3239656990105764,
                0.9452600637200916,
                0.03911058425128401,
                63.26311928575689,
                12.160931746136727,
                0.8000227472406207,
                -35.76899996670809,
                1.0
            ]
        },
        "last_updated": "2022-11-26T12:40:17.277492"
    }
}