{
    "1": {
        "aligned_on": "class_i",
        "alignment": {
            "alignment_length": 176,
            "rmsd": 0.7398976773116802,
            "rotation_matrix": [
                -0.9471694723580983,
                0.3092357277328284,
                0.08510731652701442,
                -41.35829552737147,
                -0.04873879013983251,
                0.12349797038769311,
                -0.9911472048317673,
                56.18436358191748,
                -0.31700870803273956,
                -0.9429324026692835,
                -0.10190173221169879,
                63.26311928575689,
                8.289392083504934,
                -1.1977102419530794,
                -15.888488644903347,
                1.0
            ]
        },
        "last_updated": "2022-11-26T12:42:28.769134"
    },
    "2": {
        "aligned_on": "class_i",
        "alignment": {
            "alignment_length": 176,
            "rmsd": 0.7390894683101347,
            "rotation_matrix": [
                -0.945234745201208,
                -0.26139008233930094,
                -0.19546483397036052,
                -41.35829552737147,
                -0.17031344678316876,
                -0.11586786699648646,
                0.9785540185613267,
                56.18436358191748,
                -0.27843240887016707,
                0.9582535479988258,
                0.06500408785928866,
                63.26311928575689,
                10.298943210943522,
                40.391818057407,
                -34.98059102621945,
                1.0
            ]
        },
        "last_updated": "2022-11-26T12:37:17.391955"
    },
    "3": {
        "aligned_on": "class_i",
        "alignment": {
            "alignment_length": 176,
            "rmsd": 0.7320018336396109,
            "rotation_matrix": [
                0.9564153084003534,
                0.27680623253041825,
                -0.09299498636901164,
                -41.35829552737147,
                0.06454583270043096,
                0.11018890989745916,
                0.991812603074098,
                56.18436358191748,
                0.28478692620705864,
                -0.9545871954766237,
                0.08751967146653222,
                63.26311928575689,
                -43.397687359289655,
                -1.6846988572876669,
                -33.23065896467727,
                1.0
            ]
        },
        "last_updated": "2022-11-26T12:39:07.590405"
    },
    "4": {
        "aligned_on": "class_i",
        "alignment": {
            "alignment_length": 176,
            "rmsd": 0.7475090789275463,
            "rotation_matrix": [
                0.9376471678097859,
                -0.29534017253335965,
                0.18328112610482644,
                -41.2761761925437,
                0.16229565987719927,
                -0.09428982715620667,
                -0.9822268308694677,
                56.172141985459746,
                0.3073725873973026,
                0.9507279374157566,
                -0.04047816119674402,
                63.41097723353994,
                -43.61847167665308,
                39.44455685398795,
                -13.37080114402554,
                1.0
            ]
        },
        "last_updated": "2022-11-26T12:40:17.992588"
    }
}