{
    "1": {
        "aligned_on": "class_i",
        "alignment": {
            "alignment_length": 176,
            "rmsd": 0.7857080855369942,
            "rotation_matrix": [
                0.9608095550951222,
                0.25855367249387556,
                -0.09997498326002963,
                -41.35829552737147,
                0.072384504347435,
                0.11413478143303857,
                0.9908247752239587,
                56.18436358191748,
                0.2675920072952284,
                -0.9592305510705773,
                0.09094650913887872,
                63.26311928575689,
                -45.00606814297763,
                0.014085212743586335,
                -33.33415337042375,
                1.0
            ]
        },
        "last_updated": "2022-11-26T12:41:26.954362"
    },
    "2": {
        "aligned_on": "class_i",
        "alignment": {
            "alignment_length": 176,
            "rmsd": 0.7772092370588919,
            "rotation_matrix": [
                -0.9410939063264752,
                0.3285621510547891,
                0.07993229866221815,
                -41.35829552737147,
                -0.04070396026262356,
                0.12459271452921357,
                -0.9913727064556396,
                56.18436358191748,
                -0.33568653099895823,
                -0.9362283740522349,
                -0.10387966367578079,
                63.26311928575689,
                8.04341480347582,
                1.3156988288868556,
                -15.736676138910381,
                1.0
            ]
        },
        "last_updated": "2022-11-26T12:42:23.062852"
    },
    "3": {
        "aligned_on": "class_i",
        "alignment": {
            "alignment_length": 176,
            "rmsd": 0.7766506816432354,
            "rotation_matrix": [
                -0.9501746966761431,
                -0.24497688075219867,
                -0.19275469823929842,
                -41.2761761925437,
                -0.16646281372532007,
                -0.12403931054440427,
                0.9782148951464181,
                56.172141985459746,
                -0.26354919359210593,
                0.9615615307075214,
                0.07707947340478408,
                63.41097723353994,
                11.082886353473771,
                43.24193173105066,
                -34.90432396802037,
                1.0
            ]
        },
        "last_updated": "2022-11-26T12:37:11.643003"
    },
    "4": {
        "aligned_on": "class_i",
        "alignment": {
            "alignment_length": 176,
            "rmsd": 0.9327913370277957,
            "rotation_matrix": [
                0.9324712767389429,
                -0.3141367816361362,
                0.17836872057660924,
                -41.2761761925437,
                0.15779779821075987,
                -0.0899597809177002,
                -0.9833651878610897,
                56.172141985459746,
                0.3249571863133394,
                0.9451059836021198,
                -0.03431481928828684,
                63.41097723353994,
                -43.975340940735556,
                41.57625570080496,
                -13.410426139492875,
                1.0
            ]
        },
        "last_updated": "2022-11-26T12:38:55.379493"
    }
}