{
    "1": {
        "aligned_on": "class_i",
        "alignment": {
            "alignment_length": 168,
            "rmsd": 2.16647519333708,
            "rotation_matrix": [
                0.9933675991371914,
                0.09048069564433256,
                -0.070951086673357,
                -41.11993458157494,
                0.11461535170226841,
                -0.7299777367966828,
                0.6737921229395298,
                56.360166595095656,
                0.009172466330157836,
                -0.6774553472347166,
                -0.735506708578862,
                63.310494014195044,
                15.075077411142132,
                21.57941669332129,
                -74.80694030580067,
                1.0
            ]
        },
        "last_updated": "2022-11-26T12:10:37.711804"
    },
    "2": {
        "aligned_on": "class_i",
        "alignment": {
            "alignment_length": 168,
            "rmsd": 2.1830223721783524,
            "rotation_matrix": [
                0.9361835079461386,
                -0.005414682776300694,
                -0.35146994275484433,
                -41.11993458157494,
                -0.24315818314764284,
                0.7120756810272032,
                -0.6586518977866701,
                56.360166595095656,
                0.2538395899342712,
                0.7020818368965805,
                0.6653168845609772,
                63.310494014195044,
                23.244964274932567,
                21.534446423962,
                -37.40345245315913,
                1.0
            ]
        },
        "last_updated": "2022-11-26T12:08:45.344166"
    },
    "3": {
        "aligned_on": "class_i",
        "alignment": {
            "alignment_length": 168,
            "rmsd": 2.1678900207838265,
            "rotation_matrix": [
                0.037915201047979345,
                -0.9275345583895054,
                0.37180919908291155,
                -41.11993458157494,
                -0.7377317271535837,
                0.22498911187833956,
                0.6364996451587276,
                56.360166595095656,
                -0.6740284387772387,
                -0.29842845462418804,
                -0.675741164344853,
                63.310494014195044,
                45.104345367068326,
                44.75508348147073,
                -18.68005946562403,
                1.0
            ]
        },
        "last_updated": "2022-11-26T12:11:35.070998"
    },
    "4": {
        "aligned_on": "class_i",
        "alignment": {
            "alignment_length": 168,
            "rmsd": 2.157596687961949,
            "rotation_matrix": [
                -0.15932677782965232,
                0.9852813611411754,
                -0.06193236031521253,
                -41.11993458157494,
                0.7336480174108996,
                0.1601463652309728,
                0.6603890733895921,
                56.360166595095656,
                0.6605872875067129,
                0.05978110981824012,
                -0.7483653215465172,
                63.310494014195044,
                1.8415833342643049,
                -6.888053599567643,
                -19.07048809812182,
                1.0
            ]
        },
        "last_updated": "2022-11-26T12:10:11.342730"
    }
}