{
    "1": {
        "aligned_on": "class_i",
        "alignment": {
            "alignment_length": 176,
            "rmsd": 0.794911229590971,
            "rotation_matrix": [
                0.4537181571033079,
                -0.16514976452278396,
                -0.8757085069775483,
                -41.2761761925437,
                0.17516565854666294,
                -0.9469790598915829,
                0.2693467137218626,
                56.172141985459746,
                -0.8737601650228118,
                -0.2756015518913529,
                -0.4007330266079724,
                63.41097723353994,
                -21.861437443135816,
                9.829198872628199,
                49.16824432936579,
                1.0
            ]
        },
        "last_updated": "2022-11-26T12:09:53.985465"
    },
    "2": {
        "aligned_on": "class_i",
        "alignment": {
            "alignment_length": 176,
            "rmsd": 0.7949345841732995,
            "rotation_matrix": [
                -0.45460750178856263,
                0.11680554223542336,
                -0.8829997081656654,
                -41.2761761925437,
                -0.18551877505086417,
                0.9572037057344229,
                0.22213475601966282,
                56.172141985459746,
                0.8711571634447991,
                0.2647971507236756,
                -0.4134823642520127,
                63.41097723353994,
                23.970522698522963,
                -13.144102255729113,
                49.63985789905893,
                1.0
            ]
        },
        "last_updated": "2022-11-26T12:11:00.729392"
    },
    "3": {
        "aligned_on": "class_i",
        "alignment": {
            "alignment_length": 176,
            "rmsd": 0.7949150216790946,
            "rotation_matrix": [
                -0.07173844372685115,
                -0.4659264009956175,
                0.8819105309196167,
                -41.2761761925437,
                0.8076887772355764,
                -0.5459256234896943,
                -0.22271967300866866,
                56.172141985459746,
                0.5852285321302692,
                0.6963316756206482,
                0.41548737972168476,
                63.41097723353994,
                22.860482955520823,
                53.79221012375572,
                7.433272732125429,
                1.0
            ]
        },
        "last_updated": "2022-11-26T12:09:17.804644"
    },
    "4": {
        "aligned_on": "class_i",
        "alignment": {
            "alignment_length": 176,
            "rmsd": 0.7948276965663164,
            "rotation_matrix": [
                0.027641601228152242,
                0.47073842319278025,
                0.8818397126527692,
                -41.2761761925437,
                -0.7980674120798502,
                0.5416074082379932,
                -0.2641019142639713,
                56.172141985459746,
                -0.6019338399340195,
                -0.6964673375483579,
                0.3906518911647393,
                63.41097723353994,
                25.873999985781595,
                2.5805227327245213,
                7.262374967241404,
                1.0
            ]
        },
        "last_updated": "2022-11-26T12:12:27.738665"
    }
}