{
    "1": {
        "aligned_on": "class_i",
        "alignment": {
            "alignment_length": 176,
            "rmsd": 1.0618758531327261,
            "rotation_matrix": [
                -0.07944136163872993,
                -0.3052029988027102,
                0.9489679655198155,
                -41.35829552737147,
                0.5490852095465577,
                0.7811412746720677,
                0.29719310500230317,
                56.18436358191748,
                -0.8319822730792992,
                0.5446736991314437,
                0.1055275260596618,
                63.26311928575689,
                29.73382952538404,
                -25.512448817491524,
                33.940386344086036,
                1.0
            ]
        },
        "last_updated": "2022-11-26T12:42:56.972648"
    },
    "2": {
        "aligned_on": "class_i",
        "alignment": {
            "alignment_length": 176,
            "rmsd": 1.0256635049130751,
            "rotation_matrix": [
                -0.8045181201771721,
                0.2970562659090532,
                0.5143035768792195,
                -41.35829552737147,
                -0.5171875335497976,
                -0.7761320227291467,
                -0.36074386818772125,
                56.18436358191748,
                0.2920062489866716,
                -0.5562163771218295,
                0.7780460734263759,
                63.26311928575689,
                72.77913045883177,
                -31.827880685979675,
                59.763994303616606,
                1.0
            ]
        },
        "last_updated": "2022-11-26T12:42:53.526073"
    },
    "3": {
        "aligned_on": "class_i",
        "alignment": {
            "alignment_length": 176,
            "rmsd": 1.047128664502926,
            "rotation_matrix": [
                0.8086759654123197,
                0.3584203662229121,
                -0.4664525957062371,
                -41.35829552737147,
                0.5554776875487267,
                -0.7262570979657739,
                0.404963166584136,
                56.18436358191748,
                -0.1936174620223381,
                -0.5865879889078578,
                -0.7864011760348928,
                63.26311928575689,
                44.8666930848902,
                9.147357934620238,
                7.835664795050184,
                1.0
            ]
        },
        "last_updated": "2022-11-26T12:42:51.497615"
    },
    "4": {
        "aligned_on": "class_i",
        "alignment": {
            "alignment_length": 176,
            "rmsd": 1.0291441187158317,
            "rotation_matrix": [
                0.026599055359821565,
                -0.330158915239253,
                -0.9435505184896061,
                -41.35829552737147,
                -0.6258690097719598,
                0.730494057583665,
                -0.2732515589013523,
                56.18436358191748,
                0.7794744850609486,
                0.5978072620192844,
                -0.18720578147048736,
                63.26311928575689,
                88.8084035353227,
                -65.59867611798373,
                33.15513068979436,
                1.0
            ]
        },
        "last_updated": "2022-11-26T12:42:59.340065"
    }
}