{
    "1": {
        "aligned_on": "class_i",
        "alignment": {
            "alignment_length": 176,
            "rmsd": 0.4972529302127523,
            "rotation_matrix": [
                0.752639277438912,
                -0.19509272745600786,
                0.6288663973770648,
                -41.35829552737147,
                -0.2148346919142425,
                0.8300627226191,
                0.5146279546121443,
                56.18436358191748,
                -0.6223987252608612,
                -0.5224315306448707,
                0.5828251217832949,
                63.26311928575689,
                -40.46951699256896,
                13.887926137709817,
                -0.9740624937271178,
                1.0
            ]
        },
        "last_updated": "2022-11-26T12:41:59.649894"
    },
    "10": {
        "aligned_on": "class_i",
        "alignment": {
            "alignment_length": 176,
            "rmsd": 0.49499771339450555,
            "rotation_matrix": [
                0.7460627975363405,
                0.4045727689828402,
                0.5288772794607521,
                -41.35829552737147,
                -0.266701138609147,
                0.9093230732101658,
                -0.3193775997032411,
                56.18436358191748,
                -0.6101317929733163,
                0.09722357288835105,
                0.7863121340014977,
                63.26311928575689,
                -40.56662493402306,
                -44.666062571785666,
                -2.6274261276491657,
                1.0
            ]
        },
        "last_updated": "2022-11-26T12:39:15.430887"
    },
    "11": {
        "aligned_on": "class_i",
        "alignment": {
            "alignment_length": 176,
            "rmsd": 0.45919770555928846,
            "rotation_matrix": [
                0.7095981852731651,
                -0.6535092293610393,
                0.2634314001727425,
                -41.2761761925437,
                -0.2240079168954684,
                0.14523806177438522,
                0.9637044975406996,
                56.172141985459746,
                -0.6680500494911917,
                -0.7428536817920205,
                -0.043330576073433644,
                63.41097723353994,
                -37.69064765626732,
                49.170948754657424,
                46.24100000208073,
                1.0
            ]
        },
        "last_updated": "2022-11-26T12:40:55.285770"
    },
    "12": {
        "aligned_on": "class_i",
        "alignment": {
            "alignment_length": 176,
            "rmsd": 0.439258571145378,
            "rotation_matrix": [
                0.7227211347349396,
                0.6910758640977261,
                0.009397418210440395,
                -41.53448869965292,
                -0.27614089383108875,
                0.3011969047805005,
                -0.9127029260963357,
                56.11042603579432,
                -0.6335774365944608,
                0.6570346829599081,
                0.4085156756186531,
                63.20428971810776,
                -38.78571023724298,
                -82.40945443240078,
                42.541704665530844,
                1.0
            ]
        },
        "last_updated": "2022-11-26T12:39:09.954047"
    },
    "13": {
        "aligned_on": "class_i",
        "alignment": {
            "alignment_length": 176,
            "rmsd": 0.4664733591461077,
            "rotation_matrix": [
                -0.7169853341095873,
                0.5517440121344849,
                0.4260405799281386,
                -41.35829552737147,
                0.28165569954151465,
                -0.32976928831870367,
                0.90106730236845,
                56.18436358191748,
                0.6376535874497554,
                0.7660487984166002,
                0.08103789765868626,
                63.26311928575689,
                -89.37068726799701,
                -79.01848281513564,
                33.03144887360657,
                1.0
            ]
        },
        "last_updated": "2022-11-26T12:39:30.446052"
    },
    "14": {
        "aligned_on": "class_i",
        "alignment": {
            "alignment_length": 176,
            "rmsd": 0.4952447156646139,
            "rotation_matrix": [
                -0.702706051039332,
                0.021325120274066245,
                0.7111606324017129,
                -41.35829552737147,
                0.26472620593623974,
                -0.919947656098127,
                0.28916491130523747,
                56.18436358191748,
                0.6603970333998415,
                0.39146078894936426,
                0.6408074663983168,
                63.26311928575689,
                -90.78138654882257,
                -33.562886411493466,
                -4.7216534027618104,
                1.0
            ]
        },
        "last_updated": "2022-11-26T12:40:25.117439"
    },
    "2": {
        "aligned_on": "class_i",
        "alignment": {
            "alignment_length": 176,
            "rmsd": 0.49693397094732394,
            "rotation_matrix": [
                -0.7521281713492765,
                -0.6524056954476068,
                -0.09311295511537453,
                -41.35829552737147,
                0.22179537746460676,
                -0.11754471876283505,
                -0.9679824634911,
                56.18436358191748,
                0.6205723361527855,
                -0.7486989031903883,
                0.23310926185671765,
                63.26311928575689,
                -87.26157953522421,
                52.07582952759481,
                59.11309671401981,
                1.0
            ]
        },
        "last_updated": "2022-11-26T12:40:41.361041"
    },
    "3": {
        "aligned_on": "class_i",
        "alignment": {
            "alignment_length": 176,
            "rmsd": 0.4747815221379003,
            "rotation_matrix": [
                -0.7457689707525952,
                0.12516448911515587,
                -0.6543412664100873,
                -41.35829552737147,
                0.26191816778973076,
                0.9581863029728501,
                -0.11522969312157372,
                56.18436358191748,
                0.6125581732735963,
                -0.25731859524675577,
                -0.7473684666186763,
                63.26311928575689,
                -114.0134830908342,
                18.913477260958064,
                -28.543028473854065,
                1.0
            ]
        },
        "last_updated": "2022-11-26T12:41:13.049547"
    },
    "4": {
        "aligned_on": "class_i",
        "alignment": {
            "alignment_length": 176,
            "rmsd": 0.48372473872280186,
            "rotation_matrix": [
                -0.7162220811770987,
                0.46217136615906246,
                0.5228991860167804,
                -41.35829552737147,
                0.2620765418740432,
                -0.516309078670607,
                0.8153163934827091,
                56.18436358191748,
                0.6467934883977179,
                0.7209872145780217,
                0.2486676894599232,
                63.26311928575689,
                -63.635187409140855,
                85.96908525987108,
                56.80017055164685,
                1.0
            ]
        },
        "last_updated": "2022-11-26T12:37:38.187092"
    },
    "5": {
        "aligned_on": "class_i",
        "alignment": {
            "alignment_length": 176,
            "rmsd": 0.45332554851722145,
            "rotation_matrix": [
                0.7190811777574103,
                -0.28168879271227765,
                -0.6352744948880883,
                -41.35829552737147,
                -0.2596905615284878,
                -0.9568563964399528,
                0.13033283870524087,
                56.18436358191748,
                -0.6445797639144708,
                0.0712548991455827,
                -0.7612093452524858,
                63.26311928575689,
                -64.21815909038892,
                29.81767048077149,
                -30.79631828719918,
                1.0
            ]
        },
        "last_updated": "2022-11-26T12:38:44.545537"
    },
    "6": {
        "aligned_on": "class_i",
        "alignment": {
            "alignment_length": 176,
            "rmsd": 0.4410205465403514,
            "rotation_matrix": [
                -0.7409022224322565,
                -0.30194732350572123,
                -0.5999097520649868,
                -41.35829552737147,
                0.26133088426773654,
                0.6932308696634736,
                -0.6716674253478927,
                56.18436358191748,
                0.6186841405133845,
                -0.6544148341635873,
                -0.43470813093828703,
                63.26311928575689,
                -87.28985220735724,
                28.061766971241333,
                112.94927848469128,
                1.0
            ]
        },
        "last_updated": "2022-11-26T12:42:23.896324"
    },
    "7": {
        "aligned_on": "class_i",
        "alignment": {
            "alignment_length": 176,
            "rmsd": 0.47049080572177754,
            "rotation_matrix": [
                -0.7118939179875107,
                -0.5104448328602197,
                0.48234129217670507,
                -41.53448869965292,
                0.219854575817996,
                -0.8142755877042945,
                -0.5372329408745469,
                56.11042603579432,
                0.6669865178729476,
                -0.27640792296012034,
                0.6919014706593645,
                63.20428971810776,
                -90.03608521548183,
                24.3184544945305,
                7.338988610733816,
                1.0
            ]
        },
        "last_updated": "2022-11-26T12:41:16.441862"
    },
    "8": {
        "aligned_on": "class_i",
        "alignment": {
            "alignment_length": 176,
            "rmsd": 0.4448827275928502,
            "rotation_matrix": [
                -0.7025107270514486,
                0.6316566087569844,
                -0.3278545515793109,
                -41.35829552737147,
                0.268164609130762,
                0.661674422276516,
                0.7001961877322558,
                56.18436358191748,
                0.6592165204144926,
                0.40397634524643244,
                -0.6342213270570018,
                63.26311928575689,
                -115.38730716705321,
                -34.88979561762376,
                -52.99392609162765,
                1.0
            ]
        },
        "last_updated": "2022-11-26T12:39:40.973456"
    },
    "9": {
        "aligned_on": "class_i",
        "alignment": {
            "alignment_length": 176,
            "rmsd": 0.48146258933034547,
            "rotation_matrix": [
                0.7462969286422276,
                -0.6439632372674607,
                -0.16838124404811156,
                -41.35829552737147,
                -0.258422692445621,
                -0.5134508276344327,
                0.8182823226922795,
                56.18436358191748,
                -0.6133992226342755,
                -0.5671680497432203,
                -0.5496014892830424,
                63.26311928575689,
                -64.57808505405079,
                77.4234434691342,
                -65.52559104832733,
                1.0
            ]
        },
        "last_updated": "2022-11-26T12:40:31.792889"
    }
}