{
    "1": {
        "aligned_on": "class_i",
        "alignment": {
            "alignment_length": 176,
            "rmsd": 0.4638359716644815,
            "rotation_matrix": [
                0.7566300550998128,
                -0.1980199523286807,
                0.6231364683593806,
                -41.35829552737147,
                -0.2087793233404489,
                0.8299750902288456,
                0.5172548151009557,
                56.18436358191748,
                -0.619614520379533,
                -0.5214685494633081,
                0.5866416265962339,
                63.26311928575689,
                -40.850392049009145,
                13.812727313827388,
                -1.2707215871672486,
                1.0
            ]
        },
        "last_updated": "2022-11-26T12:09:52.580424"
    },
    "10": {
        "aligned_on": "class_i",
        "alignment": {
            "alignment_length": 176,
            "rmsd": 0.45568762732951607,
            "rotation_matrix": [
                0.757295001618849,
                0.3980831527864052,
                0.5177200826612222,
                -41.35829552737147,
                -0.2588398668010946,
                0.9107773877285653,
                -0.32169313538949257,
                56.18436358191748,
                -0.5995883620263979,
                0.10961000624927572,
                0.7927669535573079,
                63.26311928575689,
                -41.36692608486522,
                -45.043238737366394,
                -2.8259943251667368,
                1.0
            ]
        },
        "last_updated": "2022-11-26T12:12:01.635493"
    },
    "11": {
        "aligned_on": "class_i",
        "alignment": {
            "alignment_length": 176,
            "rmsd": 0.4205090072100186,
            "rotation_matrix": [
                0.7115438816796731,
                -0.6537427743034758,
                0.25753774381674444,
                -41.2761761925437,
                -0.2191661633596264,
                0.1417442346135368,
                0.9653366069884867,
                56.172141985459746,
                -0.6675863219707586,
                -0.7433229156966826,
                -0.04242105276554057,
                63.41097723353994,
                -37.82982952486386,
                49.22105688398534,
                46.213164730505525,
                1.0
            ]
        },
        "last_updated": "2022-11-26T12:09:15.658594"
    },
    "12": {
        "aligned_on": "class_i",
        "alignment": {
            "alignment_length": 176,
            "rmsd": 0.4198367580565396,
            "rotation_matrix": [
                0.7270632043372057,
                0.6865412932164066,
                0.00633637180563023,
                -41.45734095573424,
                -0.2791887052109836,
                0.30407366630426036,
                -0.9108198901774706,
                56.15999991243533,
                -0.6272421890956709,
                0.660454584486344,
                0.41275534890470034,
                63.211732886054314,
                -39.32847715507851,
                -82.78025572950192,
                42.718221491033376,
                1.0
            ]
        },
        "last_updated": "2022-11-26T12:10:47.692941"
    },
    "13": {
        "aligned_on": "class_i",
        "alignment": {
            "alignment_length": 176,
            "rmsd": 0.4485642468841027,
            "rotation_matrix": [
                -0.7244844187293427,
                0.5446695427611936,
                0.42244220457563064,
                -41.35829552737147,
                0.2801020485137007,
                -0.32734788574566875,
                0.9024334901344637,
                56.18436358191748,
                0.6298135989614984,
                0.7721259294222367,
                0.08459538803629907,
                63.26311928575689,
                -90.0436589501121,
                -79.26888075741856,
                33.14294882254168,
                1.0
            ]
        },
        "last_updated": "2022-11-26T12:10:59.132776"
    },
    "14": {
        "aligned_on": "class_i",
        "alignment": {
            "alignment_length": 176,
            "rmsd": 0.46028439906351293,
            "rotation_matrix": [
                -0.7034429030366626,
                0.029682461239670242,
                0.710131701631541,
                -41.35829552737147,
                0.2555828165172566,
                -0.9217304985398534,
                0.2917024373613969,
                56.18436358191748,
                0.6632084936642917,
                0.38669346976155244,
                0.6407984506655052,
                63.26311928575689,
                -91.75909662246706,
                -33.59895454753527,
                -4.742852292065933,
                1.0
            ]
        },
        "last_updated": "2022-11-26T12:10:08.153026"
    },
    "2": {
        "aligned_on": "class_i",
        "alignment": {
            "alignment_length": 176,
            "rmsd": 0.4721332819031999,
            "rotation_matrix": [
                -0.7547050733392555,
                -0.6497548168463414,
                -0.09076855326028835,
                -41.35829552737147,
                0.21618379762585677,
                -0.11566980322912719,
                -0.9694766950602773,
                56.18436358191748,
                0.6194229717406768,
                -0.7512916707949796,
                0.22776305116071088,
                63.26311928575689,
                -87.66100554032758,
                52.22090337493203,
                59.43270436200228,
                1.0
            ]
        },
        "last_updated": "2022-11-26T12:10:32.368355"
    },
    "3": {
        "aligned_on": "class_i",
        "alignment": {
            "alignment_length": 176,
            "rmsd": 0.4577678914068921,
            "rotation_matrix": [
                -0.7455442998569147,
                0.12232945823259375,
                -0.6551329640610237,
                -41.35829552737147,
                0.2571724034531495,
                0.9596809504615793,
                -0.11346730023795361,
                56.18436358191748,
                0.6148382322635713,
                -0.25307701786151915,
                -0.7469444230846943,
                63.26311928575689,
                -114.87307375127618,
                18.989960250529368,
                -29.03494317965074,
                1.0
            ]
        },
        "last_updated": "2022-11-26T12:10:16.928975"
    },
    "4": {
        "aligned_on": "class_i",
        "alignment": {
            "alignment_length": 176,
            "rmsd": 0.4492285072388954,
            "rotation_matrix": [
                -0.7235115888592267,
                0.45440495875283976,
                0.51966057599863,
                -41.35829552737147,
                0.2575915022308445,
                -0.5206996850223231,
                0.8139523671543134,
                56.18436358191748,
                0.6404510900645375,
                0.7227641188371788,
                0.2596814004827108,
                63.26311928575689,
                -63.99352836608888,
                86.1886931332675,
                57.137977144934915,
                1.0
            ]
        },
        "last_updated": "2022-11-26T12:11:52.288519"
    },
    "5": {
        "aligned_on": "class_i",
        "alignment": {
            "alignment_length": 176,
            "rmsd": 0.43990329665028866,
            "rotation_matrix": [
                0.7247169302256476,
                -0.2786917333160803,
                -0.6301716344184277,
                -41.35829552737147,
                -0.25597556473277483,
                -0.9579979314400286,
                0.1292922024577014,
                56.18436358191748,
                -0.6397357902322262,
                0.06760829193157455,
                -0.7656155938576772,
                63.26311928575689,
                -64.68334096128291,
                30.00260786034844,
                -31.068261412057023,
                1.0
            ]
        },
        "last_updated": "2022-11-26T12:11:06.270531"
    },
    "6": {
        "aligned_on": "class_i",
        "alignment": {
            "alignment_length": 176,
            "rmsd": 0.42576209195768955,
            "rotation_matrix": [
                -0.7447482429583715,
                -0.3008846333878835,
                -0.5956664267872224,
                -41.35829552737147,
                0.25664740979229406,
                0.6948079729058038,
                -0.6718437227759401,
                56.18436358191748,
                0.6160212347454629,
                -0.6532306776151647,
                -0.44023575520976066,
                63.26311928575689,
                -87.47664770213042,
                28.00587505102157,
                113.48089231144306,
                1.0
            ]
        },
        "last_updated": "2022-11-26T12:09:19.248563"
    },
    "7": {
        "aligned_on": "class_i",
        "alignment": {
            "alignment_length": 176,
            "rmsd": 0.419188027196657,
            "rotation_matrix": [
                -0.7130189164329915,
                -0.5059170462404042,
                0.48543997273824463,
                -41.31773870641533,
                0.21358870387954582,
                -0.8161734683723552,
                -0.5368805594357976,
                56.18623289194972,
                0.6678202530500094,
                -0.27912150015436693,
                0.6900052882172689,
                63.33786929737438,
                -90.66458572040905,
                24.65080683610655,
                7.185926147604318,
                1.0
            ]
        },
        "last_updated": "2022-11-26T12:11:12.324186"
    },
    "8": {
        "aligned_on": "class_i",
        "alignment": {
            "alignment_length": 176,
            "rmsd": 0.4588941949362138,
            "rotation_matrix": [
                -0.7049330650853727,
                0.6270069226942451,
                -0.3315594858284621,
                -41.35829552737147,
                0.2604959452083855,
                0.6636664242952867,
                0.7012052051953822,
                56.18436358191748,
                0.6597054162877023,
                0.407932832898507,
                -0.6311731676521645,
                63.26311928575689,
                -116.25267085162073,
                -34.997147749770775,
                -53.633284113623866,
                1.0
            ]
        },
        "last_updated": "2022-11-26T12:09:35.887747"
    },
    "9": {
        "aligned_on": "class_i",
        "alignment": {
            "alignment_length": 176,
            "rmsd": 0.44660594978500023,
            "rotation_matrix": [
                0.748138467990706,
                -0.6412875172223071,
                -0.1704087819549487,
                -41.35829552737147,
                -0.25658590434216155,
                -0.5164340215651642,
                0.8169819918841215,
                56.18436358191748,
                -0.6119252457657185,
                -0.5674911643584252,
                -0.5509094952618662,
                63.26311928575689,
                -64.82426144860008,
                77.65821008248761,
                -66.00389196655966,
                1.0
            ]
        },
        "last_updated": "2022-11-26T12:09:13.200701"
    }
}