{
    "1": {
        "aligned_on": "class_i",
        "alignment": {
            "alignment_length": 176,
            "rmsd": 1.0554244478638644,
            "rotation_matrix": [
                -0.07379307344931726,
                -0.3017132185960426,
                0.950538645208768,
                -41.35829552737147,
                0.5494451517693689,
                0.7831312440868703,
                0.2912309731674943,
                56.18436358191748,
                -0.8322647460442132,
                0.5437596787730468,
                0.10798520376696995,
                63.26311928575689,
                -9.826681834010577,
                1.9586704811716291,
                -34.74832384694705,
                1.0
            ]
        },
        "last_updated": "2022-11-26T12:11:13.226995"
    },
    "2": {
        "aligned_on": "class_i",
        "alignment": {
            "alignment_length": 176,
            "rmsd": 0.9824975149276455,
            "rotation_matrix": [
                0.022404634691295233,
                -0.32988194917006186,
                -0.9437562884326175,
                -41.35829552737147,
                -0.6224782381971168,
                0.7340837986935403,
                -0.2713702626793797,
                56.18436358191748,
                0.7823163524529977,
                0.5935477033123979,
                -0.18889745518988407,
                63.26311928575689,
                -31.12165913256732,
                -38.58509081060235,
                -35.71038639545439,
                1.0
            ]
        },
        "last_updated": "2022-11-26T12:10:45.616890"
    },
    "3": {
        "aligned_on": "class_i",
        "alignment": {
            "alignment_length": 176,
            "rmsd": 0.9656704852893349,
            "rotation_matrix": [
                -0.8045111025362495,
                0.35898670914720354,
                0.4731706125189612,
                -41.35829552737147,
                -0.5586857711380974,
                -0.7277778219043225,
                -0.39775576811911856,
                56.18436358191748,
                0.20157404352678313,
                -0.584352620084707,
                0.7860661043299103,
                63.26311928575689,
                -4.868238639298149,
                -5.856693151713855,
                -77.18247138370162,
                1.0
            ]
        },
        "last_updated": "2022-11-26T12:12:59.675975"
    },
    "4": {
        "aligned_on": "class_i",
        "alignment": {
            "alignment_length": 176,
            "rmsd": 0.9624060110852959,
            "rotation_matrix": [
                -0.7974348378903972,
                0.30032412015117516,
                0.5233575280571953,
                -41.35829552737147,
                -0.5232457075317493,
                -0.7761389091033665,
                -0.3518839628704818,
                56.18436358191748,
                0.30051889935295995,
                -0.5544491109482077,
                0.7760635118986249,
                63.26311928575689,
                -47.019028284332954,
                -4.406022693242204,
                -8.577369314332662,
                1.0
            ]
        },
        "last_updated": "2022-11-26T12:10:08.883364"
    }
}