{
    "1": {
        "aligned_on": "class_i",
        "alignment": {
            "alignment_length": 168,
            "rmsd": 3.3556110359416933,
            "rotation_matrix": [
                -0.7629357587058042,
                0.6271800783354096,
                0.15676153044413577,
                -42.122369141805734,
                0.33117913713048636,
                0.5874273147432332,
                -0.7384101360511387,
                56.21742257617767,
                -0.555202131856052,
                -0.5114433489964884,
                -0.6558782612266938,
                63.658047607966836,
                8.13529158651363,
                1.1323809623773697,
                -9.251202359352085,
                1.0
            ]
        },
        "last_updated": "2022-11-26T12:41:23.991737"
    },
    "2": {
        "aligned_on": "class_i",
        "alignment": {
            "alignment_length": 168,
            "rmsd": 3.2860367347709656,
            "rotation_matrix": [
                -0.7681872995048366,
                0.6236585862473641,
                0.1447005206604532,
                -42.086297705059955,
                0.3419095862527913,
                0.5907172597867084,
                -0.7308563154399965,
                56.19808330990018,
                -0.5412819114915186,
                -0.5119600441343264,
                -0.6670163457532852,
                63.64257735297794,
                -15.118547626549292,
                5.599041668210354,
                80.53743444170271,
                1.0
            ]
        },
        "last_updated": "2022-11-26T12:36:57.306261"
    },
    "3": {
        "aligned_on": "class_i",
        "alignment": {
            "alignment_length": 168,
            "rmsd": 3.447148225413559,
            "rotation_matrix": [
                0.7614412491559023,
                -0.6271557413431348,
                0.16396005667308602,
                -42.0747917266119,
                -0.3271984785311987,
                -0.5901911668666612,
                -0.7379807193954576,
                56.21282137007938,
                0.5595966223368107,
                0.5082814797461259,
                -0.6546003037093102,
                63.67150590533303,
                -76.21697035289951,
                18.81874406319998,
                -9.640875017081267,
                1.0
            ]
        },
        "last_updated": "2022-11-26T12:41:44.452572"
    },
    "4": {
        "aligned_on": "class_i",
        "alignment": {
            "alignment_length": 168,
            "rmsd": 3.449088129346748,
            "rotation_matrix": [
                0.7636336261165639,
                -0.6258250414375126,
                0.15876618838343298,
                -42.0747917266119,
                -0.32978934518188435,
                -0.5894805072619146,
                -0.7373952260238329,
                56.21282137007938,
                0.5550699711464958,
                0.5107403930256266,
                -0.6565375678995503,
                63.67150590533303,
                -99.5144643329438,
                23.196458248865028,
                80.48735750289192,
                1.0
            ]
        },
        "last_updated": "2022-11-26T12:41:20.254842"
    }
}