{
    "1": {
        "aligned_on": "class_i",
        "alignment": {
            "alignment_length": 176,
            "rmsd": 0.5873187918999356,
            "rotation_matrix": [
                -0.08907308978193883,
                0.47358206637581396,
                0.8762339933396288,
                -41.35829552737147,
                -0.16147630889755205,
                -0.8749589207847812,
                0.456478135953906,
                56.18436358191748,
                0.9828486080478113,
                -0.10083111298773106,
                0.154407578545013,
                63.26311928575689,
                -23.1127442710779,
                5.066636369182646,
                -61.037289684469044,
                1.0
            ]
        },
        "last_updated": "2022-11-26T12:40:25.575170"
    },
    "2": {
        "aligned_on": "class_i",
        "alignment": {
            "alignment_length": 176,
            "rmsd": 0.6714891063142067,
            "rotation_matrix": [
                -0.7539276288213952,
                0.43675391245605677,
                0.490753655568734,
                -41.31773870641533,
                0.2017547880940184,
                0.8648383983351823,
                -0.4597276914067437,
                56.18623289194972,
                -0.6252104733454856,
                -0.24758950850018574,
                -0.7401427560273421,
                63.33786929737438,
                -28.941090854731467,
                -9.737568222578949,
                -0.18610227836126736,
                1.0
            ]
        },
        "last_updated": "2022-11-26T12:40:21.961254"
    },
    "3": {
        "aligned_on": "class_i",
        "alignment": {
            "alignment_length": 176,
            "rmsd": 0.5989822279712796,
            "rotation_matrix": [
                0.7136941953758587,
                0.4589915898448342,
                -0.5291193777764306,
                -41.35829552737147,
                -0.1937496883579911,
                0.8552770838327041,
                0.48058523503308664,
                56.18436358191748,
                0.6731282595077899,
                -0.2404741780780989,
                0.699335767660768,
                63.26311928575689,
                -68.69289781830527,
                -9.975119304589246,
                -62.82315926118329,
                1.0
            ]
        },
        "last_updated": "2022-11-26T12:40:13.666590"
    },
    "4": {
        "aligned_on": "class_i",
        "alignment": {
            "alignment_length": 176,
            "rmsd": 0.663092924293339,
            "rotation_matrix": [
                -0.3130576867074122,
                -0.9329700904559342,
                -0.17765611474995535,
                -41.35829552737147,
                -0.554399450133418,
                0.027638760186224694,
                0.8317916497700202,
                56.18436358191748,
                -0.771126535975236,
                0.3588912220297595,
                -0.5258906314670558,
                63.26311928575689,
                -92.3126933357932,
                18.363062529994007,
                -40.06298857385463,
                1.0
            ]
        },
        "last_updated": "2022-11-26T12:42:03.224374"
    },
    "5": {
        "aligned_on": "class_i",
        "alignment": {
            "alignment_length": 176,
            "rmsd": 0.6123418900823746,
            "rotation_matrix": [
                0.13764125580632075,
                0.47405111738652317,
                -0.8696725951785806,
                -41.35829552737147,
                0.18231715180801067,
                -0.8751526628682507,
                -0.4481833027135486,
                56.18436358191748,
                -0.9735580829394175,
                -0.09686771794152274,
                -0.2068847610727475,
                63.26311928575689,
                -72.77145437760785,
                5.271676136297171,
                1.2848125104699806,
                1.0
            ]
        },
        "last_updated": "2022-11-26T12:38:09.086125"
    },
    "6": {
        "aligned_on": "class_i",
        "alignment": {
            "alignment_length": 176,
            "rmsd": 0.718640796794663,
            "rotation_matrix": [
                -0.2682750855248284,
                -0.9403709469432017,
                -0.20911948888564078,
                -41.31773870641533,
                -0.6301427803765891,
                0.0071051277238575045,
                0.7764467744148912,
                56.18623289194972,
                -0.7286621678294458,
                0.34007646096896127,
                -0.594474091839938,
                63.33786929737438,
                -53.54474988850684,
                -22.272096608596087,
                -98.77207400582054,
                1.0
            ]
        },
        "last_updated": "2022-11-26T12:39:54.396971"
    }
}