{
    "1": {
        "aligned_on": "class_i",
        "alignment": {
            "alignment_length": 176,
            "rmsd": 0.5759118194658724,
            "rotation_matrix": [
                0.08860735135130281,
                0.47467919565943156,
                -0.8756873862826975,
                -41.35829552737147,
                0.14458270669192025,
                -0.8759637503415583,
                -0.4601992492531799,
                56.18436358191748,
                -0.985517416493562,
                -0.08583221595454318,
                -0.14624723071630344,
                63.26311928575689,
                59.70964230190627,
                24.66119306195867,
                1.3724886452996126,
                1.0
            ]
        },
        "last_updated": "2022-11-26T12:10:54.845633"
    },
    "2": {
        "aligned_on": "class_i",
        "alignment": {
            "alignment_length": 176,
            "rmsd": 0.6447143136653314,
            "rotation_matrix": [
                0.7708828529611848,
                0.41755366542352107,
                -0.4810286514354487,
                -41.35829552737147,
                -0.19523400787173956,
                0.8737128644522667,
                0.4455440636580779,
                56.18436358191748,
                0.6063194778173976,
                -0.24954912739177787,
                0.7550509412200215,
                63.26311928575689,
                65.66464764421633,
                9.878840963356197,
                -59.294039899652674,
                1.0
            ]
        },
        "last_updated": "2022-11-26T12:11:18.296980"
    },
    "3": {
        "aligned_on": "class_i",
        "alignment": {
            "alignment_length": 176,
            "rmsd": 0.5967508595692682,
            "rotation_matrix": [
                -0.7191718436123903,
                0.46037058350056903,
                0.5204332668099736,
                -41.35829552737147,
                0.19799424116994446,
                0.8537321433287153,
                -0.48160119176648214,
                56.18436358191748,
                -0.6660256300013487,
                -0.24331122722698936,
                -0.7051308438060295,
                63.26311928575689,
                105.02878969365901,
                9.629494313997302,
                3.3530113662391994,
                1.0
            ]
        },
        "last_updated": "2022-11-26T12:10:20.104009"
    },
    "4": {
        "aligned_on": "class_i",
        "alignment": {
            "alignment_length": 176,
            "rmsd": 0.6665487328812665,
            "rotation_matrix": [
                0.31146329945596707,
                -0.9353306289295285,
                0.16777135535691223,
                -41.35829552737147,
                0.5547383656478885,
                0.0356223782935503,
                -0.8312619273388023,
                56.18436358191748,
                0.7715283266156285,
                0.35197679007429433,
                0.5299588479105561,
                63.26311928575689,
                128.94730684973976,
                37.82561364499002,
                -19.446494338187303,
                1.0
            ]
        },
        "last_updated": "2022-11-26T12:12:28.187620"
    },
    "5": {
        "aligned_on": "class_i",
        "alignment": {
            "alignment_length": 176,
            "rmsd": 0.6078401754688691,
            "rotation_matrix": [
                -0.15997052450619628,
                0.47568767610504953,
                0.8649454700100985,
                -41.35829552737147,
                -0.17911500890764961,
                -0.8756720828951163,
                0.44845982743401,
                56.18436358191748,
                0.9707354144529938,
                -0.08318436175091301,
                0.2252845247389804,
                63.26311928575689,
                109.34118162501939,
                24.91778405688025,
                -60.80683543465356,
                1.0
            ]
        },
        "last_updated": "2022-11-26T12:12:43.364459"
    },
    "6": {
        "aligned_on": "class_i",
        "alignment": {
            "alignment_length": 176,
            "rmsd": 0.9989019041716067,
            "rotation_matrix": [
                0.2736169829978883,
                -0.9339462175295677,
                0.22995262420191384,
                -41.2761761925437,
                0.6509782307849298,
                0.0038168119478976074,
                -0.7590868033306057,
                56.172141985459746,
                0.7080685628237255,
                0.3573931934281453,
                0.6090230009055294,
                63.41097723353994,
                88.98236924951726,
                -2.577937496593222,
                38.842715848575956,
                1.0
            ]
        },
        "last_updated": "2022-11-26T12:11:15.528586"
    }
}