{
    "1": {
        "aligned_on": "class_i",
        "alignment": {
            "alignment_length": 176,
            "rmsd": 0.9792830412926378,
            "rotation_matrix": [
                0.7053843175171512,
                0.06969401941598646,
                -0.7053904651031981,
                -41.2761761925437,
                -0.1881763770687846,
                -0.941033421339432,
                -0.2811507621107737,
                56.172141985459746,
                -0.6833905294296437,
                0.33105716059292023,
                -0.6506754495952833,
                63.41097723353994,
                -46.47656232660467,
                -47.13479549234563,
                -8.354528362439437,
                1.0
            ]
        },
        "last_updated": "2022-11-26T12:10:17.468935"
    },
    "2": {
        "aligned_on": "class_i",
        "alignment": {
            "alignment_length": 176,
            "rmsd": 1.0724859905976125,
            "rotation_matrix": [
                0.7040427414870472,
                0.10453445656442426,
                -0.7024217860731424,
                -41.2761761925437,
                -0.18658585163500035,
                -0.9271278973210189,
                -0.32499166447579464,
                56.172141985459746,
                -0.6852076605884119,
                0.35986998957941224,
                -0.6332330159357364,
                63.41097723353994,
                -23.495744252746743,
                -22.08759661154313,
                -36.05485808849335,
                1.0
            ]
        },
        "last_updated": "2022-11-26T12:10:00.394518"
    },
    "3": {
        "aligned_on": "class_i",
        "alignment": {
            "alignment_length": 176,
            "rmsd": 0.9470241377222413,
            "rotation_matrix": [
                -0.7173020567167744,
                -0.012684225938719717,
                -0.6966468760011927,
                -41.2761761925437,
                0.20341090818392998,
                0.9524668070699677,
                -0.22678400265832233,
                56.172141985459746,
                0.6664096051691288,
                -0.304378205268177,
                -0.6806262897479418,
                63.41097723353994,
                -45.75439784743566,
                -79.86671031605115,
                -71.46143185008654,
                1.0
            ]
        },
        "last_updated": "2022-11-26T12:10:41.475098"
    }
}