{
    "1": {
        "aligned_on": "class_i",
        "alignment": {
            "alignment_length": 176,
            "rmsd": 0.7573711691287099,
            "rotation_matrix": [
                -0.24093071204965716,
                0.9298381470518966,
                -0.2781248142081899,
                -41.35829552737147,
                0.20384065590707823,
                -0.231694802177345,
                -0.9511921496960395,
                56.18436358191748,
                -0.9488948197722534,
                -0.2858645464745426,
                -0.13371642411568874,
                63.26311928575689,
                0.5918465925549921,
                -0.30501708820123585,
                14.391670501409942,
                1.0
            ]
        },
        "last_updated": "2022-11-26T12:09:26.440855"
    },
    "2": {
        "aligned_on": "class_i",
        "alignment": {
            "alignment_length": 176,
            "rmsd": 0.7558989379715207,
            "rotation_matrix": [
                -0.24054286494964258,
                -0.9298827805446951,
                0.2783112368703146,
                -41.35829552737147,
                0.2040547826581912,
                0.23187697679761674,
                0.9511018417107159,
                56.18436358191748,
                -0.9489471933654354,
                0.2855715008148815,
                0.13397067636688192,
                63.26311928575689,
                -22.579250021414314,
                -27.33333517475563,
                -61.618801138617776,
                1.0
            ]
        },
        "last_updated": "2022-11-26T12:09:53.227120"
    },
    "3": {
        "aligned_on": "class_i",
        "alignment": {
            "alignment_length": 176,
            "rmsd": 0.8177405123890553,
            "rotation_matrix": [
                0.21766697132269533,
                -0.9650625941992462,
                -0.14586047741806749,
                -41.35829552737147,
                0.1568859515338083,
                0.18209530953300013,
                -0.9706843443969893,
                56.18436358191748,
                0.9633316603364274,
                0.18840246156433932,
                0.1910408978987512,
                63.26311928575689,
                -48.233073852278956,
                14.49042045509718,
                -51.57223870537501,
                1.0
            ]
        },
        "last_updated": "2022-11-26T12:10:53.781816"
    },
    "4": {
        "aligned_on": "class_i",
        "alignment": {
            "alignment_length": 176,
            "rmsd": 0.8245859036355461,
            "rotation_matrix": [
                0.21692925446509664,
                0.9652440083876355,
                0.14575905745094195,
                -41.35829552737147,
                0.15693296588686187,
                -0.1818553989969616,
                0.9707217202028648,
                56.18436358191748,
                0.9634903957877164,
                -0.1877035378660339,
                -0.1909283611656582,
                63.26311928575689,
                -48.225829536264605,
                41.25888076695529,
                -121.50948286056526,
                1.0
            ]
        },
        "last_updated": "2022-11-26T12:12:11.538968"
    }
}