{
    "1": {
        "aligned_on": "class_i",
        "alignment": {
            "alignment_length": 176,
            "rmsd": 0.9893961158181437,
            "rotation_matrix": [
                0.9471979272267984,
                -0.22135302200439802,
                0.23198906505862987,
                -41.2761761925437,
                0.21045838293768196,
                -0.11667518582324629,
                -0.9706153563922046,
                56.172141985459746,
                0.24191600961596732,
                0.9681888972006605,
                -0.06392889510116564,
                63.41097723353994,
                -70.68996602838689,
                0.9909261494705596,
                -109.84059095382692,
                1.0
            ]
        },
        "last_updated": "2022-11-26T12:09:57.102856"
    },
    "2": {
        "aligned_on": "class_i",
        "alignment": {
            "alignment_length": 176,
            "rmsd": 0.7104507393503663,
            "rotation_matrix": [
                0.9325529056929156,
                0.3543080804815505,
                -0.06936037910204321,
                -41.2761761925437,
                0.031475025823242825,
                0.11159892076344693,
                0.9932547526359289,
                56.172141985459746,
                0.35965872828714457,
                -0.92844572538728,
                0.0929200418476055,
                63.41097723353994,
                -66.06792035969823,
                -40.48207952759481,
                -129.12699985504153,
                1.0
            ]
        },
        "last_updated": "2022-11-26T12:11:28.508135"
    },
    "3": {
        "aligned_on": "class_i",
        "alignment": {
            "alignment_length": 176,
            "rmsd": 0.9425548764349932,
            "rotation_matrix": [
                -0.9675850745189645,
                0.2376503715625213,
                0.08544837309349324,
                -41.2761761925437,
                -0.06320378001768558,
                0.09970875161990793,
                -0.9930072744153867,
                56.172141985459746,
                -0.24450849833820762,
                -0.9662196777889563,
                -0.08145629806098263,
                63.41097723353994,
                -13.025482997044241,
                -42.89605672792956,
                -111.85887488451876,
                1.0
            ]
        },
        "last_updated": "2022-11-26T12:11:52.458557"
    },
    "4": {
        "aligned_on": "class_i",
        "alignment": {
            "alignment_length": 176,
            "rmsd": 1.0143443040511753,
            "rotation_matrix": [
                -0.924980829913798,
                -0.3355422250758002,
                -0.17838688147720522,
                -41.2761761925437,
                -0.16436244827610905,
                -0.06999172890873803,
                0.983913687007681,
                56.172141985459746,
                -0.3426301940703196,
                0.9394214033518434,
                0.009590465879634344,
                63.41097723353994,
                -15.236568232172756,
                -1.7544602252204304,
                -131.8033576445146,
                1.0
            ]
        },
        "last_updated": "2022-11-26T12:13:02.621432"
    }
}