{
    "1": {
        "aligned_on": "class_i",
        "alignment": {
            "alignment_length": 176,
            "rmsd": 0.8151809956478335,
            "rotation_matrix": [
                0.9516613753284621,
                0.23606745660507758,
                0.19650135531326415,
                -41.35829552737147,
                -0.1993430014235724,
                -0.01201361356531433,
                0.9798561327422229,
                56.18436358191748,
                0.23367283644313802,
                -0.971662404861438,
                0.03562550332985312,
                63.26311928575689,
                -2.050806811926038,
                1.093596593540332,
                -13.811823808514006,
                1.0
            ]
        },
        "last_updated": "2022-11-26T12:42:48.238336"
    },
    "2": {
        "aligned_on": "class_i",
        "alignment": {
            "alignment_length": 176,
            "rmsd": 0.8300464933038151,
            "rotation_matrix": [
                -0.8881517715500944,
                0.4028329464110277,
                -0.22116068361767838,
                -41.35829552737147,
                0.199728550839054,
                -0.0950595354954347,
                -0.975229301595847,
                56.18436358191748,
                -0.41387792484277286,
                -0.9103237347214466,
                0.003970054236098738,
                63.26311928575689,
                -33.89496590874412,
                4.726721571906553,
                17.008170485496503,
                1.0
            ]
        },
        "last_updated": "2022-11-26T12:38:03.933498"
    },
    "3": {
        "aligned_on": "class_i",
        "alignment": {
            "alignment_length": 176,
            "rmsd": 0.8546710532240477,
            "rotation_matrix": [
                -0.8345446236984311,
                -0.25429378302497774,
                -0.4887432280562972,
                -41.35829552737147,
                -0.5280545371442051,
                0.11616864014389644,
                0.8412272302110391,
                56.18436358191748,
                -0.15714221857115046,
                0.9601247413549776,
                -0.23122889996835014,
                63.26311928575689,
                -41.45095452395351,
                20.423085233196613,
                38.28222729943017,
                1.0
            ]
        },
        "last_updated": "2022-11-26T12:42:34.299949"
    },
    "4": {
        "aligned_on": "class_i",
        "alignment": {
            "alignment_length": 176,
            "rmsd": 0.7122212865539448,
            "rotation_matrix": [
                -0.9095757715496805,
                0.41475260699584793,
                0.0255380265477105,
                -41.35829552737147,
                -0.05240988133393923,
                -0.053536745487116635,
                -0.9971895613278402,
                56.18436358191748,
                -0.41221974740223966,
                -0.9083579095669265,
                0.07043286149829728,
                63.26311928575689,
                -55.55839794332333,
                -15.583943177474964,
                80.6000453342091,
                1.0
            ]
        },
        "last_updated": "2022-11-26T12:41:37.361614"
    },
    "5": {
        "aligned_on": "class_i",
        "alignment": {
            "alignment_length": 176,
            "rmsd": 0.7957909176367031,
            "rotation_matrix": [
                0.7791362078350341,
                -0.38686782236178524,
                0.4932342827313326,
                -41.35829552737147,
                0.5321936382027618,
                -0.007536022896248898,
                -0.846589121011731,
                56.18436358191748,
                0.33123511452886434,
                0.9221043847525924,
                0.20001700558475705,
                63.26311928575689,
                -39.69404548948462,
                20.845272693105724,
                82.77184668454254,
                1.0
            ]
        },
        "last_updated": "2022-11-26T12:42:00.516107"
    },
    "6": {
        "aligned_on": "class_i",
        "alignment": {
            "alignment_length": 176,
            "rmsd": 0.7336397675536984,
            "rotation_matrix": [
                0.9722162833725646,
                0.22815019539218498,
                -0.052373530411316746,
                -41.35829552737147,
                0.0606731217151259,
                -0.029512180543706405,
                0.9977213055261964,
                56.18436358191748,
                0.22608465371753772,
                -0.9731785650855985,
                -0.04253480705678214,
                63.26311928575689,
                -32.83976140889256,
                -18.20035230469975,
                41.988465883515104,
                1.0
            ]
        },
        "last_updated": "2022-11-26T12:39:21.356441"
    },
    "7": {
        "aligned_on": "class_i",
        "alignment": {
            "alignment_length": 176,
            "rmsd": 0.6847949693615232,
            "rotation_matrix": [
                0.6310311024135631,
                -0.377683202411303,
                0.6776098777342799,
                -41.35829552737147,
                0.7213277870038446,
                -0.03575087061807561,
                -0.6916705132837355,
                56.18436358191748,
                0.28545747753887935,
                0.9252444400624047,
                0.24987347728550144,
                63.26311928575689,
                -19.369710175151187,
                41.28586371378468,
                22.76746588945391,
                1.0
            ]
        },
        "last_updated": "2022-11-26T12:41:41.434483"
    },
    "8": {
        "aligned_on": "class_i",
        "alignment": {
            "alignment_length": 176,
            "rmsd": 0.7829744326764249,
            "rotation_matrix": [
                -0.6803640321529879,
                -0.27548378192800094,
                -0.6791269908103883,
                -41.35829552737147,
                -0.725987700976303,
                0.12660554121670886,
                0.6759533230662941,
                56.18436358191748,
                -0.10023293761867844,
                0.9529321711579839,
                -0.2861356940132781,
                63.26311928575689,
                -9.420556784374638,
                39.50855665857143,
                -20.853784135796797,
                1.0
            ]
        },
        "last_updated": "2022-11-26T12:42:08.588836"
    }
}