{
    "1": {
        "aligned_on": "class_i",
        "alignment": {
            "alignment_length": 176,
            "rmsd": 0.5965576344838319,
            "rotation_matrix": [
                -0.9536369051289295,
                0.09153799609222005,
                0.286700973921502,
                -41.35829552737147,
                0.07891224093912037,
                0.9953458255676264,
                -0.05531316077631363,
                56.18436358191748,
                -0.2904298734739304,
                -0.03012445512404837,
                -0.9564219810300243,
                63.26311928575689,
                -21.154335246167403,
                -44.30750018900091,
                -41.101852265271276,
                1.0
            ]
        },
        "last_updated": "2022-11-26T12:12:27.615163"
    },
    "2": {
        "aligned_on": "class_i",
        "alignment": {
            "alignment_length": 176,
            "rmsd": 0.5543474822173643,
            "rotation_matrix": [
                -0.9526330704653584,
                -0.09867673331133814,
                -0.28766844692935295,
                -41.31773870641533,
                0.07689545890067775,
                -0.9933158708751143,
                0.08608524303309997,
                56.18623289194972,
                -0.29424024445374086,
                0.059887252154500456,
                0.9538533407045269,
                63.33786929737438,
                14.667767013984053,
                7.549255730795928,
                -48.631284106861465,
                1.0
            ]
        },
        "last_updated": "2022-11-26T12:09:24.712175"
    },
    "3": {
        "aligned_on": "class_i",
        "alignment": {
            "alignment_length": 176,
            "rmsd": 0.5721967389729191,
            "rotation_matrix": [
                0.9528219061283458,
                -0.09323377943536368,
                0.2888561537757914,
                -41.31773870641533,
                -0.08067708805464102,
                -0.9952159880469261,
                -0.055103036203139985,
                56.18623289194972,
                0.2926117268069915,
                0.029199306635240757,
                -0.9557854245734512,
                63.33786929737438,
                -14.61156256053205,
                -32.74356250329451,
                -86.16149421171706,
                1.0
            ]
        },
        "last_updated": "2022-11-26T12:11:02.813698"
    },
    "4": {
        "aligned_on": "class_i",
        "alignment": {
            "alignment_length": 176,
            "rmsd": 0.5976106916238441,
            "rotation_matrix": [
                -0.9532098163066434,
                0.0979053708654097,
                0.286016755544778,
                -41.35829552737147,
                0.07636725190711562,
                0.9934038160223108,
                -0.08553888676190666,
                56.18436358191748,
                -0.29250485283634164,
                -0.059694192917047764,
                -0.9543990331088839,
                63.26311928575689,
                -21.286460166564215,
                -8.351431834511459,
                -86.69172729145403,
                1.0
            ]
        },
        "last_updated": "2022-11-26T12:11:04.041724"
    }
}