{
    "1": {
        "aligned_on": "class_i",
        "alignment": {
            "alignment_length": 176,
            "rmsd": 0.9163596752383767,
            "rotation_matrix": [
                0.5532437348501772,
                0.798467458213669,
                0.2374259632450283,
                -41.35829552737147,
                0.0862152202384815,
                0.2286036859013857,
                -0.9696944315564212,
                56.18436358191748,
                -0.8285458983353045,
                0.5569471006891974,
                0.05763350922544748,
                63.26311928575689,
                -26.527454570613124,
                3.6706704685612683,
                -20.475346581502393,
                1.0
            ]
        },
        "last_updated": "2022-11-26T12:40:44.334065"
    },
    "2": {
        "aligned_on": "class_i",
        "alignment": {
            "alignment_length": 176,
            "rmsd": 0.9510447745570365,
            "rotation_matrix": [
                -0.024946011468671106,
                -0.9731718325468235,
                -0.22872315328637444,
                -41.35829552737147,
                -0.06850887230544857,
                -0.22659225950701709,
                0.971577316710791,
                56.18436358191748,
                -0.9973385738690953,
                0.039906544187163516,
                -0.06101833170283551,
                63.26311928575689,
                -23.417039678855392,
                13.09893747122789,
                15.692596627229996,
                1.0
            ]
        },
        "last_updated": "2022-11-26T12:40:27.081595"
    },
    "3": {
        "aligned_on": "class_i",
        "alignment": {
            "alignment_length": 176,
            "rmsd": 1.3329242040405676,
            "rotation_matrix": [
                -0.21550341197489328,
                0.9510285678690927,
                -0.22159183767467974,
                -42.2962727871808,
                0.01618444244574794,
                0.23037122785005587,
                0.972968222092365,
                55.9783181060444,
                0.9763689585653055,
                0.20609163126075722,
                -0.06503765274347195,
                63.44963060725821,
                -57.380579493262545,
                -53.69596588611604,
                26.190323845906704,
                1.0
            ]
        },
        "last_updated": "2022-11-26T12:41:52.938545"
    },
    "4": {
        "aligned_on": "class_i",
        "alignment": {
            "alignment_length": 176,
            "rmsd": 0.9004962371992605,
            "rotation_matrix": [
                0.9577574184553892,
                0.16521682926704842,
                0.23538081213346987,
                -41.31773870641533,
                0.22213878216964103,
                0.09477261644259959,
                -0.9703981206849138,
                56.18623289194972,
                -0.18263375605253704,
                0.9816932058945742,
                0.0540681112170153,
                63.33786929737438,
                -98.97801702672784,
                -26.52431252598762,
                -10.264681801538577,
                1.0
            ]
        },
        "last_updated": "2022-11-26T12:42:23.353961"
    },
    "5": {
        "aligned_on": "class_i",
        "alignment": {
            "alignment_length": 176,
            "rmsd": 0.9835858156498699,
            "rotation_matrix": [
                0.415873231499237,
                0.8772304618005122,
                -0.23982529518722862,
                -41.35829552737147,
                0.16203199983170238,
                0.18801881543760035,
                0.9687076731769914,
                56.18436358191748,
                0.8948715474038276,
                -0.4417189626116372,
                -0.06394741368013143,
                63.26311928575689,
                -66.5229601209814,
                26.699375046925113,
                36.1947158791802,
                1.0
            ]
        },
        "last_updated": "2022-11-26T12:40:17.645626"
    },
    "6": {
        "aligned_on": "class_i",
        "alignment": {
            "alignment_length": 176,
            "rmsd": 0.9766346810734277,
            "rotation_matrix": [
                -0.8286037683781684,
                -0.5062592306249268,
                0.23899244012427662,
                -41.53448869965292,
                -0.1705207191279548,
                -0.17838106346248894,
                -0.9690732070107378,
                56.11042603579432,
                0.5332339818293503,
                -0.843730873919551,
                0.06147953332099602,
                63.20428971810776,
                -60.05326147512955,
                33.886982885273994,
                -0.1337784124876969,
                1.0
            ]
        },
        "last_updated": "2022-11-26T12:41:14.580685"
    }
}