{
    "1": {
        "aligned_on": "class_i",
        "alignment": {
            "alignment_length": 176,
            "rmsd": 0.7478856399443492,
            "rotation_matrix": [
                -0.42758808705589313,
                -0.22593272079733223,
                -0.8752844300460261,
                -41.35829552737147,
                0.6637982600339271,
                0.5787946844705474,
                -0.4736756096787874,
                56.18436358191748,
                0.6136287947805362,
                -0.7835503295269262,
                -0.0975119649808805,
                63.26311928575689,
                -28.97828405824574,
                11.574488618707452,
                -145.39235188744294,
                1.0
            ]
        },
        "last_updated": "2022-11-26T12:11:33.283201"
    },
    "2": {
        "aligned_on": "class_i",
        "alignment": {
            "alignment_length": 176,
            "rmsd": 0.7480018147185011,
            "rotation_matrix": [
                -0.40377198435701916,
                0.1673377507090661,
                0.8994255176700432,
                -41.35829552737147,
                0.652466766157627,
                -0.6364752548180976,
                0.4113227067207041,
                56.18436358191748,
                0.6412919021071478,
                0.752925844417542,
                0.14780855557080746,
                63.26311928575689,
                -67.33629545298491,
                -9.137431815435939,
                -190.90175550634214,
                1.0
            ]
        },
        "last_updated": "2022-11-26T12:13:01.270858"
    },
    "3": {
        "aligned_on": "class_i",
        "alignment": {
            "alignment_length": 176,
            "rmsd": 0.7467060156774501,
            "rotation_matrix": [
                0.29932884279699234,
                0.3698259570738712,
                -0.8795629626946603,
                -41.35829552737147,
                -0.31222358182313226,
                -0.8331136835673841,
                -0.4565501343842956,
                56.18436358191748,
                -0.9016200301808667,
                0.4112789220555555,
                -0.13390656985179278,
                63.26311928575689,
                -66.92135795679957,
                -10.186715928329663,
                -124.29135279221973,
                1.0
            ]
        },
        "last_updated": "2022-11-26T12:10:32.281195"
    },
    "4": {
        "aligned_on": "class_i",
        "alignment": {
            "alignment_length": 176,
            "rmsd": 0.7826975917923674,
            "rotation_matrix": [
                0.2757284647888881,
                -0.43098462089152845,
                0.8592008323204466,
                -41.35829552737147,
                -0.28560979366380784,
                0.8167490840154703,
                0.5013461673566545,
                56.18436358191748,
                -0.9178239806566832,
                -0.3836315814878579,
                0.10210754240821238,
                63.26311928575689,
                -28.91648863120512,
                13.00980677641928,
                -213.03272706812072,
                1.0
            ]
        },
        "last_updated": "2022-11-26T12:11:45.935261"
    }
}