{
    "1": {
        "aligned_on": "class_i",
        "alignment": {
            "alignment_length": 176,
            "rmsd": 0.8809233018158652,
            "rotation_matrix": [
                0.3740068790121959,
                0.920931217705183,
                0.10956526232162185,
                -41.35829552737147,
                0.1436593709937291,
                0.059184757342930924,
                -0.9878558344333168,
                56.18436358191748,
                -0.9162318699855637,
                0.3852049542182802,
                -0.11016489308509189,
                63.26311928575689,
                -19.49029545587572,
                -10.487159104255786,
                8.00526136430827,
                1.0
            ]
        },
        "last_updated": "2022-11-26T12:09:36.433702"
    },
    "2": {
        "aligned_on": "class_i",
        "alignment": {
            "alignment_length": 176,
            "rmsd": 0.8965288164912134,
            "rotation_matrix": [
                0.373471303563988,
                -0.9209486437864286,
                -0.11123300284606537,
                -41.35829552737147,
                0.14891354195756895,
                -0.05883388758231091,
                0.987098440224481,
                56.18436358191748,
                -0.9156112397933232,
                -0.38521704165300014,
                0.115168955818154,
                63.26311928575689,
                -19.523301133885994,
                36.94464770772243,
                -7.963642078113152,
                1.0
            ]
        },
        "last_updated": "2022-11-26T12:09:37.086107"
    },
    "3": {
        "aligned_on": "class_i",
        "alignment": {
            "alignment_length": 176,
            "rmsd": 0.9690412848664425,
            "rotation_matrix": [
                -0.2182646228172593,
                0.9686331850898492,
                -0.11878681395312228,
                -41.2761761925437,
                -0.10603323666018455,
                0.0974621992743396,
                0.9895746927018564,
                56.172141985459746,
                0.970112110608771,
                0.22858449740807663,
                0.08143476158798588,
                63.41097723353994,
                22.247568203644317,
                -12.78455110063607,
                -11.585767032070589,
                1.0
            ]
        },
        "last_updated": "2022-11-26T12:10:12.205790"
    },
    "4": {
        "aligned_on": "class_i",
        "alignment": {
            "alignment_length": 176,
            "rmsd": 0.8538683731660541,
            "rotation_matrix": [
                -0.219826319688957,
                -0.9678512730982877,
                0.12223052946801961,
                -41.2761761925437,
                -0.10698135096874725,
                -0.10062266502769664,
                -0.9891562413631256,
                56.172141985459746,
                0.9696552891192369,
                -0.23051896330833155,
                -0.08142252660254351,
                63.41097723353994,
                22.304897791282684,
                39.21688070080496,
                11.598312483253805,
                1.0
            ]
        },
        "last_updated": "2022-11-26T12:12:36.563384"
    }
}