{
    "1": {
        "aligned_on": "class_i",
        "alignment": {
            "alignment_length": 176,
            "rmsd": 0.6900838543737483,
            "rotation_matrix": [
                -0.16443109910454917,
                0.9855892006241095,
                -0.03970316436254333,
                -41.35829552737147,
                0.13009609071605377,
                -0.018229953271683044,
                -0.9913337863626519,
                56.18436358191748,
                -0.9777716608839051,
                -0.16817133054370917,
                -0.12522373080006963,
                63.26311928575689,
                29.346051156520844,
                -56.010619380257324,
                2.5527045484632254,
                1.0
            ]
        },
        "last_updated": "2022-11-26T12:10:00.480628"
    },
    "2": {
        "aligned_on": "class_i",
        "alignment": {
            "alignment_length": 176,
            "rmsd": 0.7474707756794862,
            "rotation_matrix": [
                -0.10167360504363576,
                -0.9906513994231181,
                0.09095209100646734,
                -41.35829552737147,
                0.1999963506146913,
                0.06920460329748292,
                0.9773495703294925,
                56.18436358191748,
                -0.974507022949674,
                0.11756074048531659,
                0.19109038311309084,
                63.26311928575689,
                10.268369297412315,
                -85.61502252925526,
                -46.59344872561368,
                1.0
            ]
        },
        "last_updated": "2022-11-26T12:09:22.065611"
    },
    "3": {
        "aligned_on": "class_i",
        "alignment": {
            "alignment_length": 176,
            "rmsd": 0.744953161379332,
            "rotation_matrix": [
                -0.7109995481404126,
                0.6990397885905805,
                0.07630869223991327,
                -41.35829552737147,
                -0.06581583264413625,
                -0.1741946988456811,
                0.9825092788709028,
                56.18436358191748,
                0.7001056482542388,
                0.6935413332032193,
                0.1698602379052044,
                63.26311928575689,
                17.228431813080185,
                -53.02338645674966,
                -91.38611338355328,
                1.0
            ]
        },
        "last_updated": "2022-11-26T12:11:48.189690"
    },
    "4": {
        "aligned_on": "class_i",
        "alignment": {
            "alignment_length": 176,
            "rmsd": 0.8353663097744691,
            "rotation_matrix": [
                -0.7131963068758975,
                -0.7007552145903341,
                -0.01712183059824726,
                -41.3748637112704,
                -0.1045902807989269,
                0.1305363225213496,
                -0.9859113254573169,
                56.15142607688902,
                0.6931175232390113,
                -0.7013575391532173,
                -0.16639020780070263,
                63.196045420386575,
                2.0057499719021665,
                -83.06097737225616,
                -72.13553385301068,
                1.0
            ]
        },
        "last_updated": "2022-11-26T12:08:22.879977"
    }
}