{
    "1": {
        "aligned_on": "class_i",
        "alignment": {
            "alignment_length": 176,
            "rmsd": 0.6450230430751421,
            "rotation_matrix": [
                0.13436045844724584,
                -0.6645626044943609,
                0.7350536115913711,
                -41.31773870641533,
                0.23444152994584866,
                -0.6994024669997344,
                -0.6751839439673719,
                56.18623289194972,
                0.9628003096398009,
                0.26304511754137844,
                0.061829037637236614,
                63.33786929737438,
                -12.125857912009286,
                -14.257329588459632,
                -85.4880852265792,
                1.0
            ]
        },
        "last_updated": "2022-11-26T12:10:11.608613"
    },
    "2": {
        "aligned_on": "class_i",
        "alignment": {
            "alignment_length": 176,
            "rmsd": 0.6282365602186228,
            "rotation_matrix": [
                0.24163558721023312,
                0.6621092713465236,
                -0.7093825172574678,
                -41.31773870641533,
                0.12890758444969713,
                0.7026635766778696,
                0.6997476207044995,
                56.18623289194972,
                0.9617666440800023,
                -0.2605287139784007,
                0.08443761915077015,
                63.33786929737438,
                -12.971448873508379,
                -77.19189763069157,
                -77.40694886987856,
                1.0
            ]
        },
        "last_updated": "2022-11-26T12:10:58.672852"
    },
    "3": {
        "aligned_on": "class_i",
        "alignment": {
            "alignment_length": 176,
            "rmsd": 0.6530729991844689,
            "rotation_matrix": [
                -0.11991478952905243,
                -0.6576525858674344,
                -0.7437160207727679,
                -41.31773870641533,
                -0.22359032762690623,
                -0.7119857586032352,
                0.6656452846207718,
                56.18623289194972,
                -0.9672785579365936,
                0.24610842295226812,
                -0.06166713474819232,
                63.33786929737438,
                18.927784026007757,
                -58.74691471186551,
                -23.27293748476288,
                1.0
            ]
        },
        "last_updated": "2022-11-26T12:11:19.210406"
    },
    "4": {
        "aligned_on": "class_i",
        "alignment": {
            "alignment_length": 176,
            "rmsd": 0.5922229188765392,
            "rotation_matrix": [
                -0.22427551754214683,
                0.6678166214735595,
                0.7097333670575469,
                -41.31773870641533,
                -0.12548220752605677,
                0.70243376585263,
                -0.7006004711563362,
                56.18623289194972,
                -0.966413321423908,
                -0.24618644291214128,
                -0.07373959249058269,
                63.33786929737438,
                19.71506255196238,
                -121.6269657395103,
                -31.359670481898565,
                1.0
            ]
        },
        "last_updated": "2022-11-26T12:12:39.420904"
    }
}