{
    "1": {
        "aligned_on": "class_i",
        "alignment": {
            "alignment_length": 176,
            "rmsd": 0.7479972477104329,
            "rotation_matrix": [
                0.08021491070050475,
                0.38791663667743465,
                0.9181972833167046,
                -41.35829552737147,
                -0.1592121226018676,
                -0.9043528033291527,
                0.395976649724843,
                56.18436358191748,
                0.9839802173407339,
                -0.17795137004128408,
                -0.010781548242807236,
                63.26311928575689,
                -9.804142039015213,
                56.24764750220558,
                21.768255617448386,
                1.0
            ]
        },
        "last_updated": "2022-11-26T12:37:59.295493"
    },
    "2": {
        "aligned_on": "class_i",
        "alignment": {
            "alignment_length": 176,
            "rmsd": 0.7531336083424397,
            "rotation_matrix": [
                -0.10189325101405737,
                0.4115148415191567,
                -0.9056894062576032,
                -41.35829552737147,
                0.12975399094364945,
                -0.8971524829246608,
                -0.42223373173671414,
                56.18436358191748,
                -0.9862969467822467,
                -0.1605395826317593,
                0.03801809012087312,
                63.26311928575689,
                5.984499992135997,
                55.68117039853878,
                89.60082940621811,
                1.0
            ]
        },
        "last_updated": "2022-11-26T12:39:48.511968"
    },
    "3": {
        "aligned_on": "class_i",
        "alignment": {
            "alignment_length": 176,
            "rmsd": 0.7674968633070194,
            "rotation_matrix": [
                -0.6958393822995271,
                0.5098520631186052,
                -0.5058245029402145,
                -41.35829552737147,
                0.2694599353834686,
                0.8381830912094504,
                0.47417343750331115,
                56.18436358191748,
                0.6657318508710169,
                0.1936491139775019,
                -0.7206255084241595,
                63.26311928575689,
                7.680465923283589,
                -7.943528407676656,
                95.42809065905486,
                1.0
            ]
        },
        "last_updated": "2022-11-26T12:41:56.774784"
    },
    "4": {
        "aligned_on": "class_i",
        "alignment": {
            "alignment_length": 168,
            "rmsd": 0.5896616177948314,
            "rotation_matrix": [
                0.6080703852280744,
                0.601561218049986,
                0.518048750164305,
                -40.85714292526245,
                -0.3518066896294328,
                0.7891636046479821,
                -0.5034410176286633,
                56.33733919688631,
                -0.711675810844068,
                0.12387455766710603,
                0.6915002778178891,
                62.696315424782895,
                -5.843708358716128,
                -7.737642834999687,
                15.656898899358652,
                1.0
            ]
        },
        "last_updated": "2022-11-26T12:36:10.985853"
    }
}