{
    "1": {
        "aligned_on": "class_i",
        "alignment": {
            "alignment_length": 176,
            "rmsd": 1.1059876474048578,
            "rotation_matrix": [
                -0.21478488147681343,
                0.9762490481272941,
                -0.02837693992565109,
                -41.31773870641533,
                -0.9602125847641486,
                -0.21638836109943166,
                -0.1765442415975546,
                56.18623289194972,
                -0.17849158733549655,
                -0.01067113917323828,
                0.9838835703675516,
                63.33786929737438,
                15.61136363446711,
                -30.770806870677262,
                -64.84278991005635,
                1.0
            ]
        },
        "last_updated": "2022-11-26T12:41:45.561758"
    },
    "2": {
        "aligned_on": "class_i",
        "alignment": {
            "alignment_length": 176,
            "rmsd": 1.410586181169882,
            "rotation_matrix": [
                -0.945698387032771,
                0.3248316657227282,
                0.01178769304884596,
                -41.35829552737147,
                -0.3204781754071098,
                -0.9257388472372937,
                -0.20075190112050234,
                56.18436358191748,
                -0.05429824906335145,
                -0.1936284474439749,
                0.9795711941911576,
                63.26311928575689,
                -49.58682947809045,
                -50.67034094983883,
                -87.94523863358936,
                1.0
            ]
        },
        "last_updated": "2022-11-26T12:42:30.542215"
    },
    "3": {
        "aligned_on": "class_i",
        "alignment": {
            "alignment_length": 176,
            "rmsd": 1.3948808720296393,
            "rotation_matrix": [
                0.007634509030264053,
                0.9998504290695457,
                0.015518819585013064,
                -41.35829552737147,
                0.9847528307402226,
                -0.010214618258956955,
                0.17365921778858157,
                56.18436358191748,
                0.1737917622356852,
                0.013956398649693011,
                -0.9846835239384,
                63.26311928575689,
                -32.494926300915814,
                -37.16402841698041,
                -21.948534135823127,
                1.0
            ]
        },
        "last_updated": "2022-11-26T12:39:04.003659"
    },
    "4": {
        "aligned_on": "class_i",
        "alignment": {
            "alignment_length": 176,
            "rmsd": 1.394699751331893,
            "rotation_matrix": [
                -0.8929543532937553,
                0.4498924869864729,
                -0.0151417663057277,
                -41.35829552737147,
                0.4368990607822292,
                0.8742842261548605,
                0.21153321863102942,
                56.18436358191748,
                0.1084054132473879,
                0.18227408496526093,
                -0.977253510778416,
                63.26311928575689,
                -68.19099430604412,
                -95.65690326690674,
                -46.35251700878142,
                1.0
            ]
        },
        "last_updated": "2022-11-26T12:40:30.321850"
    }
}