{
    "1": {
        "aligned_on": "class_i",
        "alignment": {
            "alignment_length": 176,
            "rmsd": 0.5908575445822986,
            "rotation_matrix": [
                0.4548088727690061,
                0.6949282585327045,
                0.5569772030732393,
                -41.35829552737147,
                0.5288899076685983,
                -0.7139329387524657,
                0.45888476171100906,
                56.18436358191748,
                0.716536359731233,
                0.08587476030226156,
                -0.6922435775983351,
                63.26311928575689,
                14.318897805303674,
                22.189539738676764,
                -122.79744880849665,
                1.0
            ]
        },
        "last_updated": "2022-11-26T12:39:08.567003"
    },
    "2": {
        "aligned_on": "class_i",
        "alignment": {
            "alignment_length": 176,
            "rmsd": 0.6097466502665219,
            "rotation_matrix": [
                -0.9211421211342982,
                -0.36220466578895816,
                -0.14249551836080776,
                -41.35829552737147,
                0.03552600552703802,
                0.28633231442518975,
                -0.9574715184522239,
                56.18436358191748,
                0.3876017229109012,
                -0.8870296420056228,
                -0.25088507050017483,
                63.26311928575689,
                29.321454549377616,
                -19.207653345032174,
                -71.61032397096811,
                1.0
            ]
        },
        "last_updated": "2022-11-26T12:41:06.830942"
    },
    "3": {
        "aligned_on": "class_i",
        "alignment": {
            "alignment_length": 176,
            "rmsd": 0.6129492525397372,
            "rotation_matrix": [
                -0.02615261275947515,
                -0.39081781575415786,
                -0.9200964491481326,
                -41.35829552737147,
                -0.8669255446193846,
                0.4671592875436684,
                -0.17378808977624202,
                56.18436358191748,
                0.4977510833059395,
                0.7931101026659797,
                -0.35102738371375336,
                63.26311928575689,
                54.509602373296595,
                -19.595840959979046,
                -137.74198878895163,
                1.0
            ]
        },
        "last_updated": "2022-11-26T12:40:39.089340"
    }
}