{
    "1": {
        "aligned_on": "class_i",
        "alignment": {
            "alignment_length": 176,
            "rmsd": 0.5828965407373522,
            "rotation_matrix": [
                0.442609081203626,
                0.7131971193810902,
                0.5435504301742359,
                -41.35829552737147,
                0.5434312667742682,
                -0.6955024307239045,
                0.4700625779077236,
                56.18436358191748,
                0.7132879218998429,
                0.08732833310933802,
                -0.6954093058826206,
                63.26311928575689,
                14.608392034403298,
                17.976977291093633,
                -122.84096037257802,
                1.0
            ]
        },
        "last_updated": "2022-11-26T12:36:40.922201"
    },
    "2": {
        "aligned_on": "class_i",
        "alignment": {
            "alignment_length": 176,
            "rmsd": 0.5815420626377588,
            "rotation_matrix": [
                -0.9280541355239776,
                -0.35376570947642333,
                -0.11647035818389812,
                -41.35829552737147,
                0.022140644832622614,
                0.2597621827257242,
                -0.9654187693803986,
                56.18436358191748,
                0.37178665035640857,
                -0.8985396102700262,
                -0.23324076700386548,
                63.26311928575689,
                30.130886348811043,
                -21.070363640785228,
                -71.36821597272699,
                1.0
            ]
        },
        "last_updated": "2022-11-26T12:37:55.169108"
    },
    "3": {
        "aligned_on": "class_i",
        "alignment": {
            "alignment_length": 176,
            "rmsd": 0.5644123512330972,
            "rotation_matrix": [
                -0.012238416720808887,
                -0.39598737374103093,
                -0.9181743957407272,
                -41.35829552737147,
                -0.8836901782674697,
                0.4339726543426161,
                -0.17538359135458412,
                56.18436358191748,
                0.4679122674068031,
                0.8092352779757597,
                -0.35524129108215885,
                63.26311928575689,
                56.12338631803342,
                -21.70722729001533,
                -137.01533521305427,
                1.0
            ]
        },
        "last_updated": "2022-11-26T12:42:10.597519"
    }
}