{
    "1": {
        "aligned_on": "class_i",
        "alignment": {
            "alignment_length": 176,
            "rmsd": 0.8142760484445644,
            "rotation_matrix": [
                0.9582170171443382,
                0.031812383840930235,
                0.28426769125133633,
                -41.35829552737147,
                0.24975942354170266,
                -0.5774683920311535,
                -0.7772711795487278,
                56.18436358191748,
                0.13942875746102096,
                0.8157930058779077,
                -0.5612854827568272,
                63.26311928575689,
                -22.81682958690957,
                27.82963635162874,
                -39.09271591359921,
                1.0
            ]
        },
        "last_updated": "2022-11-26T12:42:01.398639"
    },
    "2": {
        "aligned_on": "class_i",
        "alignment": {
            "alignment_length": 176,
            "rmsd": 0.741529223877467,
            "rotation_matrix": [
                0.9692797575631511,
                0.031043626172060877,
                0.2439939442945427,
                -41.35829552737147,
                0.21724487569586423,
                -0.5732066621942322,
                -0.7900878346108338,
                56.18436358191748,
                0.11533176302392847,
                0.8188225788839955,
                -0.5623416832741065,
                63.26311928575689,
                -20.63560795377601,
                20.73185231468894,
                -91.61011951619928,
                1.0
            ]
        },
        "last_updated": "2022-11-26T12:37:40.578492"
    },
    "3": {
        "aligned_on": "class_i",
        "alignment": {
            "alignment_length": 176,
            "rmsd": 0.7586500076371229,
            "rotation_matrix": [
                0.23622292208739715,
                0.14636443675509758,
                0.9606123998438989,
                -41.35829552737147,
                -0.8567431406055636,
                0.49780674817011417,
                0.13483186752994425,
                56.18436358191748,
                -0.45846474467052273,
                -0.8548484620853334,
                0.24299009190609594,
                63.26311928575689,
                7.61430684708334,
                -26.015573894435715,
                -60.37092609839004,
                1.0
            ]
        },
        "last_updated": "2022-11-26T12:40:20.098083"
    },
    "4": {
        "aligned_on": "class_i",
        "alignment": {
            "alignment_length": 176,
            "rmsd": 0.7482245438686465,
            "rotation_matrix": [
                0.23681933598194663,
                0.12925084631710337,
                0.962917868164976,
                -41.35829552737147,
                -0.8557854680020673,
                0.49695326783732885,
                0.14376606811860115,
                56.18436358191748,
                -0.4599432952675275,
                -0.8580977032436992,
                0.2282991389084403,
                63.26311928575689,
                9.936125035143709,
                -32.97814765301617,
                -116.02330151471232,
                1.0
            ]
        },
        "last_updated": "2022-11-26T12:38:50.980441"
    }
}