{
    "1": {
        "aligned_on": "class_i",
        "alignment": {
            "alignment_length": 168,
            "rmsd": 2.1833355918434596,
            "rotation_matrix": [
                -0.1365810755099556,
                0.14168916403863802,
                -0.9804436702873731,
                -41.11993458157494,
                0.6370045835133463,
                0.7705282101712524,
                0.022614993107997222,
                56.360166595095656,
                0.7586638059084748,
                -0.6214583317683641,
                -0.19549621858273772,
                63.310494014195044,
                -87.54760714939661,
                -3.737327377467107,
                -259.84622010730567,
                1.0
            ]
        },
        "last_updated": "2022-11-26T12:11:53.616442"
    },
    "2": {
        "aligned_on": "class_i",
        "alignment": {
            "alignment_length": 168,
            "rmsd": 2.1144358848889637,
            "rotation_matrix": [
                0.09791716376845148,
                0.578372133255869,
                0.8098752400910881,
                -41.11993458157494,
                -0.6932942517280707,
                0.6234685449579391,
                -0.36142779910909567,
                56.360166595095656,
                -0.713971504725754,
                -0.5260918635762064,
                0.46203034696712025,
                63.310494014195044,
                -43.934571447826556,
                -12.506071427393536,
                -302.6761663527714,
                1.0
            ]
        },
        "last_updated": "2022-11-26T12:11:53.343656"
    },
    "3": {
        "aligned_on": "class_i",
        "alignment": {
            "alignment_length": 168,
            "rmsd": 2.1544232445631115,
            "rotation_matrix": [
                0.1301920355003555,
                -0.32220992944447885,
                -0.937673074829206,
                -41.11993458157494,
                -0.6372068792349157,
                -0.7517444022680881,
                0.16984624433379247,
                56.360166595095656,
                -0.7596166315635627,
                0.5753791054826188,
                -0.30318551750709916,
                63.310494014195044,
                -94.3118629909697,
                36.645053647813356,
                -263.6993754250662,
                1.0
            ]
        },
        "last_updated": "2022-11-26T12:09:42.459053"
    },
    "4": {
        "aligned_on": "class_i",
        "alignment": {
            "alignment_length": 168,
            "rmsd": 2.1286874016170914,
            "rotation_matrix": [
                -0.050494121812753,
                0.19725532086444714,
                0.9790509088157895,
                -41.11993458157494,
                0.6741323548926313,
                -0.716558003577937,
                0.17913736515678888,
                56.360166595095656,
                0.7368825630650209,
                0.669055278657201,
                -0.096794226850884,
                63.310494014195044,
                -74.3275357200986,
                24.574869116147365,
                -232.19223812648235,
                1.0
            ]
        },
        "last_updated": "2022-11-26T12:10:22.068648"
    }
}