{
    "1": {
        "aligned_on": "class_i",
        "alignment": {
            "alignment_length": 168,
            "rmsd": 3.0616780495670874,
            "rotation_matrix": [
                0.9007195026460627,
                -0.36559351552634967,
                0.23461832613441339,
                -41.229613179252254,
                -0.02016640735893736,
                0.5043224317244377,
                0.863279908762959,
                56.26701781863256,
                -0.43393282149114115,
                -0.7823044588040097,
                0.44688034211419797,
                63.39810716538203,
                -11.411255877509356,
                -11.829392841551453,
                -58.33775595256258,
                1.0
            ]
        },
        "last_updated": "2022-11-26T12:36:31.634210"
    },
    "2": {
        "aligned_on": "class_i",
        "alignment": {
            "alignment_length": 168,
            "rmsd": 2.9841312734126517,
            "rotation_matrix": [
                -0.9135421363008009,
                -0.30650635854165226,
                -0.26738477401771654,
                -41.229613179252254,
                0.11122968503556444,
                0.4440657768287965,
                -0.8890632952812341,
                56.26701781863256,
                0.39123998053606235,
                -0.8419379062751444,
                -0.37158019270026776,
                63.39810716538203,
                22.919779810522275,
                -48.15832737513948,
                0.46041070980330157,
                1.0
            ]
        },
        "last_updated": "2022-11-26T12:38:45.707180"
    },
    "3": {
        "aligned_on": "class_i",
        "alignment": {
            "alignment_length": 168,
            "rmsd": 3.3619335313762115,
            "rotation_matrix": [
                -0.7737501213712734,
                -0.592840817332479,
                -0.2232722888817565,
                -41.16442269370668,
                -0.09379017504972485,
                0.455768410482076,
                -0.8851432421200447,
                56.212386835189065,
                0.6265094993231004,
                -0.663938943963374,
                -0.4082535069619335,
                63.287095274244045,
                48.544714360010055,
                -11.530380949067562,
                -23.778619016919823,
                1.0
            ]
        },
        "last_updated": "2022-11-26T12:40:07.718840"
    },
    "4": {
        "aligned_on": "class_i",
        "alignment": {
            "alignment_length": 168,
            "rmsd": 3.271018533136632,
            "rotation_matrix": [
                -0.7876755022422394,
                -0.5640187725670611,
                -0.24789136201042153,
                -41.16442269370668,
                -0.03463021481302127,
                0.44225876028901134,
                -0.8962186882506022,
                56.212386835189065,
                0.6151162909478499,
                -0.697344974269961,
                -0.36788848238425087,
                63.287095274244045,
                33.97813682896749,
                -11.34305357343207,
                32.833851223900204,
                1.0
            ]
        },
        "last_updated": "2022-11-26T12:42:13.080985"
    }
}