{
    "1": {
        "aligned_on": "class_i",
        "alignment": {
            "alignment_length": 176,
            "rmsd": 0.7368127064352897,
            "rotation_matrix": [
                -0.9591138945322117,
                0.2627442576079393,
                0.1051950208389441,
                -41.35829552737147,
                -0.07596108436698386,
                0.11907088388951217,
                -0.9899757766084794,
                56.18436358191748,
                -0.2726361145869068,
                -0.9574902504484433,
                -0.09424420045356552,
                63.26311928575689,
                9.68313633952163,
                -2.3994715797968853,
                -15.284693195061255,
                1.0
            ]
        },
        "last_updated": "2022-11-26T12:40:17.543366"
    },
    "2": {
        "aligned_on": "class_i",
        "alignment": {
            "alignment_length": 176,
            "rmsd": 0.7464453259837592,
            "rotation_matrix": [
                0.9467327796675443,
                0.31133891676333136,
                -0.08225036663505057,
                -41.35829552737147,
                0.049703323971404326,
                0.11107928718761129,
                0.992567867475109,
                56.18436358191748,
                0.3181613167705315,
                -0.9437846528030257,
                0.08968782327782279,
                63.26311928575689,
                -43.067295497114,
                -1.3979034105405796,
                -32.994806755672805,
                1.0
            ]
        },
        "last_updated": "2022-11-26T12:42:30.097877"
    },
    "3": {
        "aligned_on": "class_i",
        "alignment": {
            "alignment_length": 176,
            "rmsd": 0.7441304117502845,
            "rotation_matrix": [
                0.9483686280500909,
                -0.2557172363278218,
                0.18763166144137017,
                -41.35829552737147,
                0.16768458683866466,
                -0.09789659365065792,
                -0.9809679588489854,
                56.18436358191748,
                0.26921891587913044,
                0.9617821749213586,
                -0.049962219090095884,
                63.26311928575689,
                -45.39645450765434,
                40.11206240003758,
                -13.231687510894098,
                1.0
            ]
        },
        "last_updated": "2022-11-26T12:37:59.841111"
    },
    "4": {
        "aligned_on": "class_i",
        "alignment": {
            "alignment_length": 176,
            "rmsd": 0.7596237071296034,
            "rotation_matrix": [
                -0.934884096485353,
                -0.3015442446891173,
                -0.18725061984846714,
                -41.35829552737147,
                -0.16410499466130915,
                -0.10058280515667059,
                0.9813015082195826,
                56.18436358191748,
                -0.31474001472004975,
                0.9481319358621378,
                0.04454834825600027,
                63.26311928575689,
                9.204619314352222,
                39.13955689560281,
                -34.837607914751224,
                1.0
            ]
        },
        "last_updated": "2022-11-26T12:39:37.050973"
    }
}