{
    "1": {
        "aligned_on": "class_i",
        "alignment": {
            "alignment_length": 176,
            "rmsd": 0.9045016272275663,
            "rotation_matrix": [
                -0.16204633418306802,
                -0.9862232488411251,
                -0.03323686241337752,
                -41.35829552737147,
                0.15553490987906649,
                0.00773406496824728,
                -0.9878001194816578,
                56.18436358191748,
                0.9744484990940979,
                -0.1652388806677269,
                0.15213886725270673,
                63.26311928575689,
                22.63039767742155,
                14.442124992185692,
                -36.06957955793902,
                1.0
            ]
        },
        "last_updated": "2022-11-26T12:41:33.514243"
    },
    "2": {
        "aligned_on": "class_i",
        "alignment": {
            "alignment_length": 176,
            "rmsd": 0.8365325082542598,
            "rotation_matrix": [
                -0.25088130278654674,
                0.9674758782610963,
                0.03238822154804303,
                -41.35829552737147,
                0.262349905448054,
                0.035749095426829657,
                0.9643103905317831,
                56.18436358191748,
                0.9317891923732116,
                0.250424493927977,
                -0.26278598481919524,
                63.26311928575689,
                18.454636335203592,
                39.20985225113954,
                -71.15360778028312,
                1.0
            ]
        },
        "last_updated": "2022-11-26T12:39:30.928610"
    },
    "3": {
        "aligned_on": "class_i",
        "alignment": {
            "alignment_length": 176,
            "rmsd": 0.8358683897391288,
            "rotation_matrix": [
                -0.6924484240300256,
                -0.7144195447385402,
                -0.10059768463494101,
                -41.35829552737147,
                0.2949381896107017,
                -0.15305848178418782,
                -0.943177907641544,
                56.18436358191748,
                0.6584274025034921,
                -0.6827721547115817,
                0.316694711643576,
                63.26311928575689,
                -2.419210242446173,
                7.73501137799626,
                13.17799990691922,
                1.0
            ]
        },
        "last_updated": "2022-11-26T12:40:24.499201"
    },
    "4": {
        "aligned_on": "class_i",
        "alignment": {
            "alignment_length": 176,
            "rmsd": 0.7708071261822197,
            "rotation_matrix": [
                -0.7125860592531265,
                0.6912933917055359,
                0.11972700089100867,
                -41.35829552737147,
                0.3010137120581628,
                0.14710209090501944,
                0.9422057737056895,
                56.18436358191748,
                0.6337285328206905,
                0.7074421682622739,
                -0.31291168922446416,
                63.26311928575689,
                21.47946592877535,
                25.923431781205245,
                -12.055107924748555,
                1.0
            ]
        },
        "last_updated": "2022-11-26T12:40:12.682842"
    }
}