{
    "1": {
        "aligned_on": "class_i",
        "alignment": {
            "alignment_length": 176,
            "rmsd": 0.8537471964065445,
            "rotation_matrix": [
                -0.6941132952211186,
                -0.7128445324852879,
                -0.10029658968834386,
                -41.35829552737147,
                0.2928698946137987,
                -0.1523634644873105,
                -0.9439346373125242,
                56.18436358191748,
                0.6575971093505376,
                -0.684571433230496,
                0.3145282095115819,
                63.26311928575689,
                -2.59579547020522,
                7.781261389937509,
                13.169977321374152,
                1.0
            ]
        },
        "last_updated": "2022-11-26T12:39:07.227506"
    },
    "2": {
        "aligned_on": "class_i",
        "alignment": {
            "alignment_length": 176,
            "rmsd": 0.9277140343656661,
            "rotation_matrix": [
                -0.15715315071158545,
                -0.9869577717490597,
                -0.034889024141598925,
                -41.35829552737147,
                0.15022535402122555,
                0.01102637125516517,
                -0.9885902903357591,
                56.18436358191748,
                0.9760815694554524,
                -0.16060129489227215,
                0.14653325168133766,
                63.26311928575689,
                -25.800210191444908,
                14.418483019383121,
                -36.03811931610107,
                1.0
            ]
        },
        "last_updated": "2022-11-26T12:37:35.744600"
    },
    "3": {
        "aligned_on": "class_i",
        "alignment": {
            "alignment_length": 176,
            "rmsd": 0.8608994390730345,
            "rotation_matrix": [
                -0.24867738724803945,
                0.9677842685166521,
                0.03941023576656898,
                -41.35829552737147,
                0.25536112849328346,
                0.026258925802066062,
                0.9664890909215469,
                56.18436358191748,
                0.9343180674299975,
                0.2504078242136404,
                -0.2536644840068571,
                63.26311928575689,
                -25.006011415611603,
                -37.048488676548,
                -71.13291491161695,
                1.0
            ]
        },
        "last_updated": "2022-11-26T12:42:34.482042"
    },
    "4": {
        "aligned_on": "class_i",
        "alignment": {
            "alignment_length": 176,
            "rmsd": 0.7834244357068196,
            "rotation_matrix": [
                -0.7125706347749653,
                0.6908398583292762,
                0.12240661991897711,
                -41.35829552737147,
                0.301827711570391,
                0.14434759126363483,
                0.9423713734110174,
                56.18436358191748,
                0.6333586053608048,
                0.7084518777164561,
                -0.31137246823610415,
                63.26311928575689,
                -22.35064203884791,
                -50.33196029879829,
                -12.06084659450095,
                1.0
            ]
        },
        "last_updated": "2022-11-26T12:39:02.226756"
    }
}