{
    "1": {
        "aligned_on": "class_i",
        "alignment": {
            "alignment_length": 176,
            "rmsd": 0.8131841442290272,
            "rotation_matrix": [
                -0.4074426417122877,
                0.7028478913617069,
                0.5830911895432093,
                -41.35829552737147,
                -0.9125996108405107,
                -0.2896277014505739,
                -0.28857883644890897,
                56.18436358191748,
                -0.033947665726249805,
                -0.6497081161266648,
                0.7594253879288466,
                63.26311928575689,
                -18.62303973192518,
                2.0848295770966527,
                -53.82981235330753,
                1.0
            ]
        },
        "last_updated": "2022-11-26T12:11:32.744709"
    },
    "2": {
        "aligned_on": "class_i",
        "alignment": {
            "alignment_length": 176,
            "rmsd": 0.7726098436032636,
            "rotation_matrix": [
                0.4472242174353533,
                0.7241435097852387,
                -0.5249825488292461,
                -41.50696598399767,
                0.893630224000418,
                -0.3370721791054096,
                0.29632308183145856,
                56.13552266901188,
                0.0376234247816248,
                -0.6016631310866958,
                -0.7978633683774777,
                63.44422156160528,
                -67.86278969591314,
                21.529937511055984,
                -14.092551112259656,
                1.0
            ]
        },
        "last_updated": "2022-11-26T12:11:04.781494"
    },
    "3": {
        "aligned_on": "class_i",
        "alignment": {
            "alignment_length": 176,
            "rmsd": 0.8387033103398789,
            "rotation_matrix": [
                -0.4969070389382047,
                0.140275810945262,
                0.8563913191510726,
                -41.35829552737147,
                -0.8662418684779708,
                -0.13935944768345315,
                -0.47979575825256815,
                56.18436358191748,
                0.05204248216082147,
                -0.9802559059781335,
                0.19076147107193472,
                63.26311928575689,
                27.761221479285837,
                -3.646710208363153,
                -14.980090926295485,
                1.0
            ]
        },
        "last_updated": "2022-11-26T12:11:03.296090"
    },
    "4": {
        "aligned_on": "class_i",
        "alignment": {
            "alignment_length": 176,
            "rmsd": 0.8957752584915826,
            "rotation_matrix": [
                0.48156521952603004,
                0.25765746212914126,
                -0.8376798741476463,
                -41.35829552737147,
                0.873354978086159,
                -0.22082311318786127,
                0.43415231766529333,
                56.18436358191748,
                -0.0731164933169749,
                -0.9406645442936556,
                -0.3313671581702652,
                63.26311928575689,
                8.015249979258941,
                0.13916475486687988,
                -53.695096644488224,
                1.0
            ]
        },
        "last_updated": "2022-11-26T12:12:39.683951"
    }
}