{
    "1": {
        "aligned_on": "class_i",
        "alignment": {
            "alignment_length": 176,
            "rmsd": 0.8653169056664654,
            "rotation_matrix": [
                0.8785158757302143,
                -0.06005545839555319,
                0.4739231984265753,
                -41.35829552737147,
                0.08657239599299374,
                0.9956545495505861,
                -0.03431090513601125,
                56.18436358191748,
                -0.46980323151507525,
                0.07117134167711098,
                0.8798974734489653,
                63.26311928575689,
                -36.790380737998255,
                -101.52933510867028,
                -28.99168757958846,
                1.0
            ]
        },
        "last_updated": "2022-11-26T12:36:27.386856"
    },
    "2": {
        "aligned_on": "class_i",
        "alignment": {
            "alignment_length": 176,
            "rmsd": 0.8650955902066477,
            "rotation_matrix": [
                -0.44131023439600775,
                0.7431331644972655,
                -0.502989440089572,
                -41.35829552737147,
                0.8443407979590248,
                0.5336812819733064,
                0.04767500574982465,
                56.18436358191748,
                0.3038649270963304,
                -0.40365503724790613,
                -0.8629766607418378,
                63.26311928575689,
                -31.68027273091403,
                -133.95267044414177,
                3.0844943256286736,
                1.0
            ]
        },
        "last_updated": "2022-11-26T12:38:25.307119"
    },
    "3": {
        "aligned_on": "class_i",
        "alignment": {
            "alignment_length": 176,
            "rmsd": 0.8670231963950973,
            "rotation_matrix": [
                0.6023174851755558,
                -0.7971479238429844,
                0.04205751496003446,
                -41.35829552737147,
                -0.7745324785032289,
                -0.5963543166823793,
                -0.21085769779151484,
                56.18436358191748,
                0.1931659566161679,
                0.09442836696201047,
                -0.9766115894855277,
                63.26311928575689,
                -0.6293636428573257,
                -48.568448922850855,
                -44.26161347736014,
                1.0
            ]
        },
        "last_updated": "2022-11-26T12:39:06.792440"
    },
    "4": {
        "aligned_on": "class_i",
        "alignment": {
            "alignment_length": 176,
            "rmsd": 0.8600305659134144,
            "rotation_matrix": [
                -0.9801810074117343,
                0.18353841219172434,
                -0.07455765527066495,
                -41.35829552737147,
                -0.19576273203240235,
                -0.9550715227126036,
                0.22252042434490862,
                56.18436358191748,
                -0.030366847984742148,
                0.23270590399379437,
                0.9720729482862398,
                63.26311928575689,
                -0.8665795310993085,
                -77.748198856007,
                18.276636385028137,
                1.0
            ]
        },
        "last_updated": "2022-11-26T12:41:29.289388"
    }
}