{
    "1": {
        "aligned_on": "class_i",
        "alignment": {
            "alignment_length": 176,
            "rmsd": 0.8468345744902857,
            "rotation_matrix": [
                -0.9792184898871964,
                0.18689402088242535,
                -0.07875134298181077,
                -41.35829552737147,
                -0.19999439370310063,
                -0.9543186712318749,
                0.22198674786022235,
                56.18436358191748,
                -0.033665881101917206,
                0.23312335510760895,
                0.9718642445079474,
                63.26311928575689,
                34.412960231304176,
                -8.635471598382788,
                -10.618943174581299,
                1.0
            ]
        },
        "last_updated": "2022-11-26T12:11:17.749830"
    },
    "2": {
        "aligned_on": "class_i",
        "alignment": {
            "alignment_length": 176,
            "rmsd": 0.8593993527623861,
            "rotation_matrix": [
                -0.4365208350122501,
                0.7405148711655174,
                -0.510967010855813,
                -41.35829552737147,
                0.8445164728681666,
                0.533086248362672,
                0.051097738315142596,
                56.18436358191748,
                0.31022812195950134,
                -0.4092148303633779,
                -0.858080261371949,
                63.26311928575689,
                3.3651704641524707,
                -64.83477252179922,
                -25.874369209462927,
                1.0
            ]
        },
        "last_updated": "2022-11-26T12:10:49.331099"
    },
    "3": {
        "aligned_on": "class_i",
        "alignment": {
            "alignment_length": 176,
            "rmsd": 0.8563382025262847,
            "rotation_matrix": [
                0.881615323638232,
                -0.081262429195146,
                0.4649202498574989,
                -41.35829552737147,
                0.10140776836709312,
                0.9946740370936352,
                -0.018439751805695286,
                56.18436358191748,
                -0.4609456428268537,
                0.06340329276270693,
                0.8851605147236207,
                63.26311928575689,
                -2.389954515775157,
                -32.421250007369316,
                -58.10500574111938,
                1.0
            ]
        },
        "last_updated": "2022-11-26T12:11:49.170547"
    },
    "4": {
        "aligned_on": "class_i",
        "alignment": {
            "alignment_length": 176,
            "rmsd": 0.8627599644317622,
            "rotation_matrix": [
                0.5944999563276089,
                -0.8031406081098642,
                0.03917863616039801,
                -41.35829552737147,
                -0.7807564248302624,
                -0.5882126457645313,
                -0.21077307334893824,
                56.18436358191748,
                0.19232578353600488,
                0.09471561100266153,
                -0.9767495820422214,
                63.26311928575689,
                34.33186930959875,
                20.376721617850375,
                -73.09834061969411,
                1.0
            ]
        },
        "last_updated": "2022-11-26T12:10:16.655147"
    }
}