{
    "1": {
        "aligned_on": "class_i",
        "alignment": {
            "alignment_length": 176,
            "rmsd": 1.1497912039046405,
            "rotation_matrix": [
                -0.5379607130558841,
                -0.6996398190808932,
                -0.47021526428313626,
                -41.35829552737147,
                0.2517977906957368,
                0.3989733898169635,
                -0.8817131658417644,
                56.18436358191748,
                0.8044850177654959,
                -0.5927262081049023,
                -0.03846424854892309,
                63.26311928575689,
                -15.160965932321485,
                8.912693166756073,
                -9.977664757773953,
                1.0
            ]
        },
        "last_updated": "2022-11-26T12:37:19.277128"
    },
    "2": {
        "aligned_on": "class_i",
        "alignment": {
            "alignment_length": 176,
            "rmsd": 1.125339658266696,
            "rotation_matrix": [
                -0.609907803816005,
                -0.6916538062732817,
                -0.38681711843197875,
                -41.35829552737147,
                0.19876984688690114,
                0.3389942485538735,
                -0.9195506769156079,
                56.18436358191748,
                0.767139504140476,
                -0.6377287132590758,
                -0.06927531647006706,
                63.26311928575689,
                -60.917545210231445,
                10.592818155715408,
                -10.267284047535876,
                1.0
            ]
        },
        "last_updated": "2022-11-26T12:40:43.162572"
    },
    "3": {
        "aligned_on": "class_i",
        "alignment": {
            "alignment_length": 176,
            "rmsd": 1.2934105104956874,
            "rotation_matrix": [
                -0.6085431307841128,
                0.695076750294709,
                0.3828100954457934,
                -41.35829552737147,
                0.20512257778247148,
                -0.32823227669113136,
                0.9220565604245924,
                56.18436358191748,
                0.7665507067763647,
                0.6396341796198068,
                0.05716756250490429,
                63.26311928575689,
                -84.55029526623812,
                -9.702676136850974,
                -89.53397174315022,
                1.0
            ]
        },
        "last_updated": "2022-11-26T12:41:14.047438"
    },
    "4": {
        "aligned_on": "class_i",
        "alignment": {
            "alignment_length": 176,
            "rmsd": 1.3163586516198873,
            "rotation_matrix": [
                -0.602606786951984,
                0.6973469761170268,
                0.3880364096574509,
                -41.35829552737147,
                0.21266019042657017,
                -0.3283351956407569,
                0.9203106229481872,
                56.18436358191748,
                0.7691818404819118,
                0.6371053242627819,
                0.04955907655388771,
                63.26311928575689,
                -37.36077843471008,
                -9.4862613429273,
                -89.67911924015394,
                1.0
            ]
        },
        "last_updated": "2022-11-26T12:41:37.447909"
    }
}