{
    "1": {
        "aligned_on": "class_i",
        "alignment": {
            "alignment_length": 176,
            "rmsd": 0.422949865620979,
            "rotation_matrix": [
                -0.4283268699867843,
                0.44401946042713397,
                -0.7870087745440465,
                -41.2761761925437,
                0.70015077987359,
                -0.38751400176813283,
                -0.5996847370711146,
                56.172141985459746,
                -0.5712486130309011,
                -0.8078858936728902,
                -0.14489791204371097,
                63.41097723353994,
                67.56504550847136,
                -16.16338064343753,
                15.638772701759903,
                1.0
            ]
        },
        "last_updated": "2022-11-26T12:40:43.795031"
    },
    "10": {
        "aligned_on": "class_i",
        "alignment": {
            "alignment_length": 176,
            "rmsd": 0.48397959215644215,
            "rotation_matrix": [
                0.1709839280274332,
                0.9190116056818899,
                -0.3552212901534819,
                -41.35829552737147,
                0.41877981788318336,
                -0.3941305013122256,
                -0.8180981677458401,
                56.18436358191748,
                -0.8918452559104845,
                -0.008877868965474937,
                -0.4522534941297798,
                63.26311928575689,
                4.889744328631257,
                -7.43938070582226,
                70.44817634062338,
                1.0
            ]
        },
        "last_updated": "2022-11-26T12:41:45.986926"
    },
    "11": {
        "aligned_on": "class_i",
        "alignment": {
            "alignment_length": 176,
            "rmsd": 0.5052497803802635,
            "rotation_matrix": [
                0.1692410717216414,
                0.9116820466696525,
                -0.37442396480826895,
                -41.35829552737147,
                0.4274760643479062,
                -0.4102113632652395,
                -0.8055996846186688,
                56.18436358191748,
                -0.8880437343127507,
                -0.02371672887029794,
                -0.4591468639983919,
                63.26311928575689,
                4.760363630505957,
                -60.02571034431458,
                71.66548884998663,
                1.0
            ]
        },
        "last_updated": "2022-11-26T12:40:36.919834"
    },
    "12": {
        "aligned_on": "class_i",
        "alignment": {
            "alignment_length": 176,
            "rmsd": 0.484872020550769,
            "rotation_matrix": [
                -0.4720127514072368,
                0.8808201800110838,
                -0.03687509992138326,
                -41.35829552737147,
                -0.32518591664469465,
                -0.13507698328334072,
                0.935953165603398,
                56.18436358191748,
                0.8194254585530767,
                0.45377309205407274,
                0.3501883761674081,
                63.26311928575689,
                59.55291457609695,
                -4.588221596638587,
                42.76503983410922,
                1.0
            ]
        },
        "last_updated": "2022-11-26T12:41:04.310242"
    },
    "13": {
        "aligned_on": "class_i",
        "alignment": {
            "alignment_length": 176,
            "rmsd": 0.48530813137803896,
            "rotation_matrix": [
                -0.48851422623899193,
                0.8724521419155894,
                0.013457742344810203,
                -41.35829552737147,
                -0.2956790113935249,
                -0.18003170933721308,
                0.938169763877769,
                56.18436358191748,
                0.8209310403337584,
                0.4543301043294639,
                0.34591383799511644,
                63.26311928575689,
                59.179556781595366,
                -56.6162499514493,
                42.08573871309108,
                1.0
            ]
        },
        "last_updated": "2022-11-26T12:37:56.652678"
    },
    "14": {
        "aligned_on": "class_i",
        "alignment": {
            "alignment_length": 176,
            "rmsd": 0.4654019902140526,
            "rotation_matrix": [
                0.19236114051779393,
                0.8209391269768542,
                0.5376394157957298,
                -41.35829552737147,
                -0.5703717480942473,
                -0.35229355621682845,
                0.7420008889644362,
                56.18436358191748,
                0.7985444637555299,
                -0.4493864706981961,
                0.40047289466181446,
                63.26311928575689,
                -1.8199034023352647,
                -61.261755769903026,
                101.5808864506808,
                1.0
            ]
        },
        "last_updated": "2022-11-26T12:38:05.888070"
    },
    "15": {
        "aligned_on": "class_i",
        "alignment": {
            "alignment_length": 176,
            "rmsd": 0.4373642114556391,
            "rotation_matrix": [
                0.1962235108920555,
                0.793123348103299,
                0.5765862367994993,
                -41.35829552737147,
                -0.5744460798325322,
                -0.38356654335005635,
                0.7231102323902805,
                56.18436358191748,
                0.7946747983535352,
                -0.4731089319764553,
                0.3803418243447152,
                63.26311928575689,
                -1.2163863674504687,
                -10.261909090278833,
                100.86657385392621,
                1.0
            ]
        },
        "last_updated": "2022-11-26T12:41:33.424803"
    },
    "16": {
        "aligned_on": "class_i",
        "alignment": {
            "alignment_length": 176,
            "rmsd": 0.45179675856014173,
            "rotation_matrix": [
                0.8124473815072801,
                0.569411504259297,
                0.12529880725341355,
                -41.2761761925437,
                0.210428287953058,
                -0.08595366951718027,
                -0.9738233424629316,
                56.172141985459746,
                -0.5437363220450778,
                0.8175466381275723,
                -0.18965312171223445,
                63.41097723353994,
                139.1592555046082,
                -41.87979550795121,
                135.10919284820565,
                1.0
            ]
        },
        "last_updated": "2022-11-26T12:41:30.518262"
    },
    "17": {
        "aligned_on": "class_i",
        "alignment": {
            "alignment_length": 176,
            "rmsd": 0.470808440489083,
            "rotation_matrix": [
                0.7991927699121095,
                0.5788891086681895,
                0.16179714578928683,
                -41.35829552737147,
                0.23422697436155399,
                -0.05203363250790736,
                -0.970788455622266,
                56.18436358191748,
                -0.5535599705557135,
                0.8137443707660175,
                -0.17717634730679016,
                63.26311928575689,
                139.52713125402275,
                8.53273857715116,
                133.72125027396453,
                1.0
            ]
        },
        "last_updated": "2022-11-26T12:41:28.820359"
    },
    "18": {
        "aligned_on": "class_i",
        "alignment": {
            "alignment_length": 176,
            "rmsd": 0.4562974480874097,
            "rotation_matrix": [
                -0.5325103252431556,
                0.04383244313153326,
                -0.8452878033182251,
                -41.35829552737147,
                0.8209529753732842,
                -0.21639833935485706,
                -0.5284013351139567,
                56.18436358191748,
                -0.20607999838698782,
                -0.975320704001295,
                0.07924997546522128,
                63.26311928575689,
                40.149255622516954,
                -54.266000184145845,
                132.4466645934365,
                1.0
            ]
        },
        "last_updated": "2022-11-26T12:42:30.720284"
    },
    "19": {
        "aligned_on": "class_i",
        "alignment": {
            "alignment_length": 176,
            "rmsd": 0.4295978736699371,
            "rotation_matrix": [
                -0.44492296360688804,
                0.4432958572821394,
                -0.7781595847715024,
                -41.35829552737147,
                0.7025222890595963,
                -0.3661339823904469,
                -0.6102526856256979,
                56.18436358191748,
                -0.5554331551408587,
                -0.818189886184989,
                -0.14852380386613506,
                63.26311928575689,
                66.82480114156546,
                32.95584658601068,
                13.822465879842635,
                1.0
            ]
        },
        "last_updated": "2022-11-26T12:38:25.135392"
    },
    "2": {
        "aligned_on": "class_i",
        "alignment": {
            "alignment_length": 176,
            "rmsd": 0.43072693374396476,
            "rotation_matrix": [
                0.18944645685042416,
                0.7831982631249027,
                0.5922081733858084,
                -41.2761761925437,
                -0.5707742288793,
                -0.4029194696003541,
                0.7154527801778463,
                56.172141985459746,
                0.7989535778967766,
                -0.4735571577487819,
                0.3706977187828841,
                63.41097723353994,
                93.83602853254837,
                -41.3523183410818,
                102.76090921055196,
                1.0
            ]
        },
        "last_updated": "2022-11-26T12:35:53.552093"
    },
    "20": {
        "aligned_on": "class_i",
        "alignment": {
            "alignment_length": 176,
            "rmsd": 0.4313194633807282,
            "rotation_matrix": [
                -0.5333610757869147,
                0.04087672768510377,
                -0.8448994354177203,
                -41.35829552737147,
                0.8264493014489948,
                -0.18771607790613182,
                -0.5307958423254724,
                56.18436358191748,
                -0.1802984053448432,
                -0.9813723896815608,
                0.06633790621363994,
                63.26311928575689,
                40.715079513463095,
                -4.018937483556904,
                130.49489784240723,
                1.0
            ]
        },
        "last_updated": "2022-11-26T12:42:40.870324"
    },
    "3": {
        "aligned_on": "class_i",
        "alignment": {
            "alignment_length": 176,
            "rmsd": 0.4162976872414617,
            "rotation_matrix": [
                0.1801799732664526,
                0.7671199053227243,
                0.6156802969816036,
                -41.35829552737147,
                -0.5633875177386802,
                -0.4325998951266252,
                0.703883396304161,
                56.18436358191748,
                0.8063061962368568,
                -0.47369228576586286,
                0.3542399417287155,
                63.26311928575689,
                94.59207400408658,
                10.004551117371934,
                100.66281795501705,
                1.0
            ]
        },
        "last_updated": "2022-11-26T12:38:37.327163"
    },
    "4": {
        "aligned_on": "class_i",
        "alignment": {
            "alignment_length": 176,
            "rmsd": 0.4578366908816823,
            "rotation_matrix": [
                0.44623861756806166,
                0.40457317803363485,
                0.7982428451334278,
                -41.2761761925437,
                -0.7050040588711325,
                -0.3904828508734609,
                0.5920240030175827,
                56.172141985459746,
                0.5512171742300612,
                -0.8269484184575837,
                0.11097720506629685,
                63.41097723353994,
                27.74736934358424,
                -41.675943244587316,
                -13.59171018565459,
                1.0
            ]
        },
        "last_updated": "2022-11-26T12:40:02.441892"
    },
    "5": {
        "aligned_on": "class_i",
        "alignment": {
            "alignment_length": 176,
            "rmsd": 0.4144015838770854,
            "rotation_matrix": [
                0.4278005158089572,
                0.48918626038379337,
                0.7600549462540914,
                -41.2761761925437,
                -0.6948814063990447,
                -0.35975986180916203,
                0.6226657794290115,
                56.172141985459746,
                0.5780368065395802,
                -0.7945247916099111,
                0.18602098215726115,
                63.41097723353994,
                27.671142036264584,
                8.22674430953339,
                -16.013778430483807,
                1.0
            ]
        },
        "last_updated": "2022-11-26T12:42:01.218470"
    },
    "6": {
        "aligned_on": "class_i",
        "alignment": {
            "alignment_length": 176,
            "rmsd": 0.5080760355236384,
            "rotation_matrix": [
                0.16409275501939125,
                0.9374495982388932,
                -0.30702087634537767,
                -41.35829552737147,
                0.41622919295264527,
                -0.34797583477632726,
                -0.840039330832615,
                56.18436358191748,
                -0.8943303789339462,
                0.01005331654011928,
                -0.4472942031173761,
                63.26311928575689,
                99.99296027963817,
                -37.4601931246844,
                72.68911376866426,
                1.0
            ]
        },
        "last_updated": "2022-11-26T12:40:11.523887"
    },
    "7": {
        "aligned_on": "class_i",
        "alignment": {
            "alignment_length": 176,
            "rmsd": 0.48696932386122976,
            "rotation_matrix": [
                0.14280362730452167,
                0.9347933543002699,
                -0.32522070780428713,
                -41.35829552737147,
                0.41668062184846005,
                -0.35483172089198745,
                -0.8369418792394197,
                56.18436358191748,
                -0.8977663300684939,
                -0.015994830567434875,
                -0.4401815329957257,
                63.26311928575689,
                100.21457386016846,
                14.401772757632312,
                70.1922781684182,
                1.0
            ]
        },
        "last_updated": "2022-11-26T12:41:12.534260"
    },
    "8": {
        "aligned_on": "class_i",
        "alignment": {
            "alignment_length": 176,
            "rmsd": 0.48674496405687195,
            "rotation_matrix": [
                -0.5033238325166428,
                0.8639950887382591,
                -0.013326899749219688,
                -41.35829552737147,
                -0.2970415479514871,
                -0.15851859332891666,
                0.941614663415776,
                56.18436358191748,
                0.8114378832734781,
                0.47789574407519964,
                0.3364286245007522,
                63.26311928575689,
                154.26489743319428,
                19.914250028002154,
                41.2065398476341,
                1.0
            ]
        },
        "last_updated": "2022-11-26T12:41:32.269669"
    },
    "9": {
        "aligned_on": "class_i",
        "alignment": {
            "alignment_length": 176,
            "rmsd": 0.46755075701272286,
            "rotation_matrix": [
                -0.4720274909123991,
                0.8809325537253727,
                0.03388043107516932,
                -41.2761761925437,
                -0.3082071683162208,
                -0.2009080023115897,
                0.9298625253260092,
                56.172141985459746,
                0.8259530187737331,
                0.428478483000092,
                0.3663438280966363,
                63.41097723353994,
                154.30324433066625,
                -32.46787492795421,
                44.003062508322955,
                1.0
            ]
        },
        "last_updated": "2022-11-26T12:39:47.142351"
    }
}