{
    "1": {
        "aligned_on": "class_i",
        "alignment": {
            "alignment_length": 176,
            "rmsd": 0.8039355624003721,
            "rotation_matrix": [
                0.05383119208048384,
                -0.5560315712835739,
                -0.8294161166116281,
                -41.35829552737147,
                -0.9862187787550758,
                -0.15973940717747553,
                0.043079487293088956,
                56.18436358191748,
                -0.15644399378065216,
                0.8156667294492943,
                -0.5569677398911455,
                63.26311928575689,
                -74.27193206006831,
                -15.20671021421863,
                -200.0135628093374,
                1.0
            ]
        },
        "last_updated": "2022-11-26T12:10:58.223525"
    },
    "2": {
        "aligned_on": "class_i",
        "alignment": {
            "alignment_length": 176,
            "rmsd": 0.7275805929524235,
            "rotation_matrix": [
                -0.04272301890405536,
                0.42238641705898233,
                -0.905408448347926,
                -41.35829552737147,
                0.9905983706781826,
                0.1357907345327337,
                0.016605554034438287,
                56.18436358191748,
                0.1299600387251933,
                -0.8961866943327913,
                -0.42421668665366086,
                63.26311928575689,
                -94.7842781326988,
                26.182500064373006,
                -202.25567600943822,
                1.0
            ]
        },
        "last_updated": "2022-11-26T12:10:26.707746"
    },
    "3": {
        "aligned_on": "class_i",
        "alignment": {
            "alignment_length": 176,
            "rmsd": 0.6806141078994413,
            "rotation_matrix": [
                0.06945964566012998,
                0.9234825938462026,
                0.3772999555895274,
                -41.35829552737147,
                -0.9873006310558513,
                0.11780468586423543,
                -0.1065810485271506,
                56.18436358191748,
                -0.1428734458935152,
                -0.36510540238610395,
                0.9199376194106831,
                63.26311928575689,
                -66.52626731178977,
                35.85475001551888,
                -176.21831261027947,
                1.0
            ]
        },
        "last_updated": "2022-11-26T12:10:05.584702"
    },
    "4": {
        "aligned_on": "class_i",
        "alignment": {
            "alignment_length": 176,
            "rmsd": 0.7798967469477592,
            "rotation_matrix": [
                -0.05597874954801992,
                -0.9836627104994881,
                0.17109661472934162,
                -41.35829552737147,
                0.9924214963721122,
                -0.0735936060773767,
                -0.09840505415406803,
                56.18436358191748,
                0.10938899916160297,
                0.16429136653314616,
                0.9803276971222906,
                63.26311928575689,
                -92.38886924223465,
                -29.392653367736116,
                -163.81137527119037,
                1.0
            ]
        },
        "last_updated": "2022-11-26T12:11:48.755515"
    },
    "5": {
        "aligned_on": "class_i",
        "alignment": {
            "alignment_length": 176,
            "rmsd": 0.6358739188413934,
            "rotation_matrix": [
                0.9178277640519462,
                0.34373603594745966,
                0.1985893580394779,
                -41.35829552737147,
                -0.3459096247777199,
                0.4470413208803156,
                0.8249245958945098,
                56.18436358191748,
                0.19477866161759674,
                -0.8258326676855972,
                0.5292085391995751,
                63.26311928575689,
                -51.5154717618769,
                2.2338636220348147,
                -171.62819324840203,
                1.0
            ]
        },
        "last_updated": "2022-11-26T12:12:39.768505"
    }
}