{
    "1": {
        "aligned_on": "class_i",
        "alignment": {
            "alignment_length": 176,
            "rmsd": 0.4056112265659463,
            "rotation_matrix": [
                -0.6608128809021683,
                0.6773014809116951,
                -0.3234022887807097,
                -41.35829552737147,
                -0.7400701622944895,
                -0.6597506292188925,
                0.13048088797476476,
                56.18436358191748,
                -0.12498996485792227,
                0.32556383582962656,
                0.9372223308717712,
                63.26311928575689,
                21.808721524070624,
                16.115499935239896,
                14.211846605239602,
                1.0
            ]
        },
        "last_updated": "2022-11-26T12:40:50.229042"
    },
    "2": {
        "aligned_on": "class_i",
        "alignment": {
            "alignment_length": 176,
            "rmsd": 0.383716743251707,
            "rotation_matrix": [
                -0.6568889525243954,
                -0.6781909128584239,
                0.3294753249754222,
                -41.39189210805024,
                -0.7430796915862993,
                0.6563654535316051,
                -0.13044908340904823,
                56.177761294625,
                -0.12778683814623898,
                -0.3305169846263696,
                -0.9351091096070441,
                63.22484083609148,
                50.917891914194264,
                45.57332387837496,
                20.31354538791558,
                1.0
            ]
        },
        "last_updated": "2022-11-26T12:42:40.525660"
    },
    "3": {
        "aligned_on": "class_i",
        "alignment": {
            "alignment_length": 176,
            "rmsd": 0.4092417219962382,
            "rotation_matrix": [
                0.6608878059045838,
                -0.6773389859928989,
                -0.3231705525890891,
                -41.35829552737147,
                0.7400906841277309,
                0.6596331212957873,
                0.13095772049376933,
                56.18436358191748,
                0.12447123070803388,
                -0.32572387591898894,
                0.9372357597650329,
                63.26311928575689,
                31.066744202917253,
                31.037204585292116,
                56.8842273625461,
                1.0
            ]
        },
        "last_updated": "2022-11-26T12:37:25.978291"
    },
    "4": {
        "aligned_on": "class_i",
        "alignment": {
            "alignment_length": 176,
            "rmsd": 0.3851652708506758,
            "rotation_matrix": [
                0.6573881636688075,
                0.6780267447733922,
                0.3288168724991926,
                -41.39189210805024,
                0.7428326327276723,
                -0.6564258370260472,
                -0.1315477108866917,
                56.177761294625,
                0.1266510245636746,
                0.3307338111784921,
                -0.9351869674671054,
                63.22484083609148,
                1.9614886186847642,
                1.5762670519444248,
                62.980005567724064,
                1.0
            ]
        },
        "last_updated": "2022-11-26T12:38:15.719167"
    }
}