{
    "1": {
        "aligned_on": "class_i",
        "alignment": {
            "alignment_length": 176,
            "rmsd": 2.529351764809649,
            "rotation_matrix": [
                -0.577773669551858,
                0.16772105379384986,
                0.7987785894018825,
                -41.796017126603545,
                -0.7717379764093533,
                -0.43085055953520485,
                -0.4677481064801841,
                55.895602204582886,
                0.26570299685960835,
                -0.8867003120911153,
                0.37837081546723644,
                63.63646585291084,
                30.02326707948337,
                24.141988775608223,
                -35.99564779888499,
                1.0
            ]
        },
        "last_updated": "2022-11-26T12:37:58.025924"
    },
    "2": {
        "aligned_on": "class_i",
        "alignment": {
            "alignment_length": 168,
            "rmsd": 2.6380870864012778,
            "rotation_matrix": [
                -0.025428825570361867,
                0.6532606050394196,
                -0.7567059909460501,
                -40.84976194018408,
                0.561729420098586,
                0.635485153706011,
                0.5297345354184054,
                56.15496424266268,
                0.8269301260843136,
                -0.41159349037949905,
                -0.3831153419681893,
                63.50811899276007,
                53.36758325213479,
                58.44677373341152,
                -47.83294643674579,
                1.0
            ]
        },
        "last_updated": "2022-11-26T12:42:34.906875"
    },
    "3": {
        "aligned_on": "class_i",
        "alignment": {
            "alignment_length": 176,
            "rmsd": 2.541747334937609,
            "rotation_matrix": [
                0.20389878073282355,
                0.8153751816914515,
                -0.5418381679960363,
                -41.796017126603545,
                -0.5299654629377184,
                -0.37342565467488925,
                -0.7613736852057866,
                55.895602204582886,
                -0.8231414795215207,
                0.44239868163486096,
                0.3559796499504701,
                63.63646585291084,
                31.448329638351105,
                55.1445851976221,
                -65.39108527790418,
                1.0
            ]
        },
        "last_updated": "2022-11-26T12:37:53.046328"
    },
    "4": {
        "aligned_on": "class_i",
        "alignment": {
            "alignment_length": 176,
            "rmsd": 2.5377294026016615,
            "rotation_matrix": [
                0.5285354435332535,
                -0.8409686434124577,
                -0.11585346661243165,
                -41.796017126603545,
                0.7761226332654427,
                0.4234057979966036,
                0.4672913313511972,
                55.895602204582886,
                -0.34392432752310803,
                -0.3368965286551201,
                0.8764797692576296,
                63.63646585291084,
                50.841636375947424,
                27.323460316116154,
                -17.03203978897496,
                1.0
            ]
        },
        "last_updated": "2022-11-26T12:39:15.252969"
    },
    "5": {
        "aligned_on": "class_i",
        "alignment": {
            "alignment_length": 168,
            "rmsd": 2.5841023129037772,
            "rotation_matrix": [
                0.7415119233575127,
                -0.6599979466041797,
                0.1206763356955644,
                -41.145547685169035,
                -0.5284259400728133,
                -0.685314439494268,
                -0.5011089151859323,
                56.35317850112912,
                0.41343209040519113,
                0.3078097293766463,
                -0.8569288635145103,
                63.39792258398874,
                61.40512509573073,
                23.400065454698744,
                -65.75510719844276,
                1.0
            ]
        },
        "last_updated": "2022-11-26T12:41:34.973557"
    },
    "6": {
        "aligned_on": "class_i",
        "alignment": {
            "alignment_length": 176,
            "rmsd": 2.5475004688808074,
            "rotation_matrix": [
                -0.8211032431885653,
                -0.050120081837560594,
                0.568574921555476,
                -41.796017126603545,
                0.4952374729778851,
                0.43269515938125036,
                0.7533357448087228,
                55.895602204582886,
                -0.28377686548360137,
                0.9001460306220488,
                -0.3304660560052596,
                63.63646585291084,
                22.32283529757777,
                61.52600557153873,
                -18.124301042407737,
                1.0
            ]
        },
        "last_updated": "2022-11-26T12:42:24.886787"
    }
}