{
    "1": {
        "aligned_on": "class_i",
        "alignment": {
            "alignment_length": 176,
            "rmsd": 0.4902410756287061,
            "rotation_matrix": [
                0.031653446991225985,
                0.4584797929289947,
                0.8881409453287016,
                -41.2761761925437,
                0.841243236197189,
                -0.4920573480104054,
                0.22402987260954066,
                56.172141985459746,
                0.5397294478218269,
                0.7400512453504507,
                -0.40126833591649513,
                63.41097723353994,
                -40.89665332707491,
                3.31536364436827,
                -30.43928976221519,
                1.0
            ]
        },
        "last_updated": "2022-11-26T12:10:22.430080"
    },
    "2": {
        "aligned_on": "class_i",
        "alignment": {
            "alignment_length": 176,
            "rmsd": 0.4914569255559581,
            "rotation_matrix": [
                -0.0341823412064549,
                0.4536855773790013,
                -0.8905060159414576,
                -41.2761761925437,
                -0.8610519753509565,
                -0.46571055770641717,
                -0.20421354554728735,
                56.172141985459746,
                -0.5073667936452501,
                0.759791466995425,
                0.40656593977739736,
                63.41097723353994,
                -13.875494288449937,
                27.48185798254879,
                -55.167982892556644,
                1.0
            ]
        },
        "last_updated": "2022-11-26T12:12:43.106285"
    },
    "3": {
        "aligned_on": "class_i",
        "alignment": {
            "alignment_length": 176,
            "rmsd": 0.48765404035802296,
            "rotation_matrix": [
                0.0380848828119305,
                -0.4514822480898178,
                -0.8914669491130703,
                -41.2761761925437,
                0.863229294507928,
                0.46425701194968094,
                -0.19824381947213138,
                56.172141985459746,
                0.5033733473323223,
                -0.7619902929272248,
                0.4074138763961473,
                63.41097723353994,
                -37.68224432251668,
                -0.8559318139556442,
                -139.741642258384,
                1.0
            ]
        },
        "last_updated": "2022-11-26T12:11:01.632220"
    },
    "4": {
        "aligned_on": "class_i",
        "alignment": {
            "alignment_length": 176,
            "rmsd": 0.48745414832837325,
            "rotation_matrix": [
                -0.034890912801808026,
                -0.4551515351687591,
                0.8897301300042493,
                -41.2761761925437,
                -0.842720649149139,
                0.4919620171617656,
                0.21862131910630303,
                56.172141985459746,
                -0.5372192584983434,
                -0.7421660553431746,
                -0.4007306010212366,
                63.41097723353994,
                -10.78349431146952,
                23.302164881066833,
                -114.87623886628583,
                1.0
            ]
        },
        "last_updated": "2022-11-26T12:11:07.485648"
    }
}