{
    "1": {
        "aligned_on": "class_i",
        "alignment": {
            "alignment_length": 176,
            "rmsd": 0.8507595677317443,
            "rotation_matrix": [
                -0.6990384737658082,
                0.04693068355035758,
                -0.713542376552833,
                -41.31773870641533,
                -0.47465354463914,
                0.7158691916118134,
                0.51208916514856,
                56.18623289194972,
                0.5348356988428027,
                0.6966554467184947,
                -0.47814429182077006,
                63.33786929737438,
                -38.03718188675967,
                22.615227311849598,
                17.74998296382415,
                1.0
            ]
        },
        "last_updated": "2022-11-26T12:09:21.978322"
    },
    "2": {
        "aligned_on": "class_i",
        "alignment": {
            "alignment_length": 176,
            "rmsd": 1.0203718544698512,
            "rotation_matrix": [
                0.5163150117361313,
                0.40697322162929733,
                -0.7535194791991706,
                -41.31773870641533,
                -0.2972478152930769,
                0.9103321206508516,
                0.2879916082367968,
                56.18623289194972,
                0.8031578580574382,
                0.07528762838604161,
                0.5909900405697155,
                63.33786929737438,
                -9.332715886729689,
                23.630886370485477,
                -5.065818203613162,
                1.0
            ]
        },
        "last_updated": "2022-11-26T12:11:48.998450"
    },
    "3": {
        "aligned_on": "class_i",
        "alignment": {
            "alignment_length": 176,
            "rmsd": 0.8360423541797074,
            "rotation_matrix": [
                0.11097524996716435,
                0.22198329877324602,
                -0.9687145652670209,
                -41.2761761925437,
                0.25003833599702224,
                -0.9496177211400352,
                -0.1889629969826014,
                56.172141985459746,
                -0.961855147320305,
                -0.22124556213075638,
                -0.16088839862115664,
                63.41097723353994,
                -61.311772476543105,
                2.1355738639619877,
                -32.1158806519075,
                1.0
            ]
        },
        "last_updated": "2022-11-26T12:13:03.664644"
    }
}