{
    "1": {
        "aligned_on": "class_i",
        "alignment": {
            "alignment_length": 176,
            "rmsd": 1.0401742069878375,
            "rotation_matrix": [
                -0.028773124155386992,
                0.6897463735779684,
                0.7234791271780966,
                -41.35829552737147,
                -0.7151254088838103,
                0.49149492733469774,
                -0.497019502608322,
                56.18436358191748,
                -0.698403720562185,
                -0.5316791104983363,
                0.47911331286512543,
                63.26311928575689,
                31.933255574919976,
                -16.619988615116622,
                -17.57464767382903,
                1.0
            ]
        },
        "last_updated": "2022-11-26T12:10:36.019634"
    },
    "2": {
        "aligned_on": "class_i",
        "alignment": {
            "alignment_length": 176,
            "rmsd": 0.8234415737016888,
            "rotation_matrix": [
                -0.42164363816792616,
                -0.5150563568955712,
                0.746279834655859,
                -41.2761761925437,
                -0.9046122401278024,
                0.29556709981443113,
                -0.3071103783955292,
                56.172141985459746,
                -0.06239661371800374,
                -0.8045850102560623,
                -0.590550272091867,
                63.41097723353994,
                30.97198866714131,
                -45.502227295528755,
                4.929516977376558,
                1.0
            ]
        },
        "last_updated": "2022-11-26T12:12:09.784660"
    },
    "3": {
        "aligned_on": "class_i",
        "alignment": {
            "alignment_length": 176,
            "rmsd": 0.8568073909227516,
            "rotation_matrix": [
                -0.20960780870774895,
                -0.10057768991000038,
                0.972598938319955,
                -41.2761761925437,
                0.9503608617615562,
                -0.2548868736464835,
                0.17845703705529206,
                56.172141985459746,
                0.2299539061650578,
                0.9617259536557645,
                0.14901137911026277,
                63.41097723353994,
                52.71386922489514,
                6.723517016317189,
                32.39550566131418,
                1.0
            ]
        },
        "last_updated": "2022-11-26T12:10:42.130425"
    }
}