{
    "1": {
        "aligned_on": "class_i",
        "alignment": {
            "alignment_length": 176,
            "rmsd": 1.0235432585410014,
            "rotation_matrix": [
                0.6970816731508862,
                -0.0344661205850538,
                -0.7161628498386229,
                -41.35829552737147,
                0.481553344311874,
                -0.7175243032174069,
                0.5032546580752376,
                56.18436358191748,
                -0.5312094855508611,
                -0.6956802144837752,
                -0.4835757661800247,
                63.26311928575689,
                -16.91022733882577,
                32.27089764855125,
                17.724079517562956,
                1.0
            ]
        },
        "last_updated": "2022-11-26T12:09:12.137827"
    },
    "2": {
        "aligned_on": "class_i",
        "alignment": {
            "alignment_length": 176,
            "rmsd": 1.0273652568821463,
            "rotation_matrix": [
                -0.5110452944543802,
                -0.40535203597768266,
                -0.7579725812618706,
                -41.2761761925437,
                0.27698814036375,
                -0.9124426701541996,
                0.30120747630114686,
                56.172141985459746,
                -0.8137015897206217,
                -0.05601875231225633,
                0.5785772396798118,
                63.41097723353994,
                -45.675681883638575,
                31.675198842178684,
                -5.0383636534256375,
                1.0
            ]
        },
        "last_updated": "2022-11-26T12:09:40.722533"
    },
    "3": {
        "aligned_on": "class_i",
        "alignment": {
            "alignment_length": 176,
            "rmsd": 1.039172377455571,
            "rotation_matrix": [
                -0.13130102192113377,
                -0.21828294605745843,
                -0.9670122011137928,
                -41.2761761925437,
                -0.2274573666819343,
                0.9560673170689482,
                -0.18492817950410595,
                56.172141985459746,
                0.9648954285230008,
                0.1956727898637407,
                -0.17518267985835376,
                63.41097723353994,
                6.7131250055125795,
                53.66975556720385,
                -32.65294311263343,
                1.0
            ]
        },
        "last_updated": "2022-11-26T12:12:28.483679"
    }
}