{
    "1": {
        "aligned_on": "class_i",
        "alignment": {
            "alignment_length": 176,
            "rmsd": 0.9440864794514423,
            "rotation_matrix": [
                0.4597481747449171,
                -0.45244985327758974,
                0.7641470709803216,
                -41.35829552737147,
                0.20694704729314212,
                -0.7822024064715312,
                -0.5876498233870193,
                56.18436358191748,
                0.8635997541890382,
                0.42830891372843577,
                -0.2659829674723557,
                63.26311928575689,
                8.95262502631257,
                1.4013977350497788,
                41.88618753173133,
                1.0
            ]
        },
        "last_updated": "2022-11-26T12:42:04.047432"
    },
    "2": {
        "aligned_on": "class_i",
        "alignment": {
            "alignment_length": 176,
            "rmsd": 0.950266897776557,
            "rotation_matrix": [
                0.4557928243680588,
                -0.46418368900235885,
                0.759464550929633,
                -41.35829552737147,
                0.2058932870636468,
                -0.7751229536403089,
                -0.5973209866412286,
                56.18436358191748,
                0.8659450649993424,
                0.4286232723547394,
                -0.257723174742203,
                63.26311928575689,
                -0.7271818123249831,
                1.8636647849767054,
                -3.155176168476991,
                1.0
            ]
        },
        "last_updated": "2022-11-26T12:38:46.982224"
    },
    "3": {
        "aligned_on": "class_i",
        "alignment": {
            "alignment_length": 176,
            "rmsd": 0.9184664314731066,
            "rotation_matrix": [
                0.4521212997142954,
                -0.41729675016010737,
                0.7883208437244755,
                -41.39189210805024,
                0.2053580664790618,
                -0.8113682406347031,
                -0.5472747414428399,
                56.177761294625,
                0.8679944670772025,
                0.4093226116343426,
                -0.2811416097417876,
                63.22484083609148,
                18.683903424577284,
                2.258318175117232,
                86.53839228369965,
                1.0
            ]
        },
        "last_updated": "2022-11-26T12:40:44.429396"
    }
}