{
    "1": {
        "aligned_on": "class_i",
        "alignment": {
            "alignment_length": 176,
            "rmsd": 0.8088735700034773,
            "rotation_matrix": [
                -0.7867720942400875,
                -0.6170286522845302,
                0.01628846171382345,
                -41.35829552737147,
                0.587113529952784,
                -0.7399619181404977,
                0.32825913947400875,
                56.18436358191748,
                -0.1904924530564084,
                0.26782830687171866,
                0.944447258118091,
                63.26311928575689,
                19.074034114283595,
                23.984073919328782,
                -56.8938068259846,
                1.0
            ]
        },
        "last_updated": "2022-11-26T12:11:05.276170"
    },
    "2": {
        "aligned_on": "class_i",
        "alignment": {
            "alignment_length": 176,
            "rmsd": 0.9029762462312209,
            "rotation_matrix": [
                0.13065442628877197,
                0.9912070618354563,
                -0.020928006562346158,
                -41.31773870641533,
                0.9435751085811914,
                -0.13079935930989864,
                -0.30423271038813965,
                56.18623289194972,
                -0.30429498082805323,
                0.02000220416958695,
                -0.9523678262474082,
                63.33786929737438,
                28.930613626133304,
                42.26989776437931,
                -18.10442043705421,
                1.0
            ]
        },
        "last_updated": "2022-11-26T12:12:03.688643"
    },
    "3": {
        "aligned_on": "class_i",
        "alignment": {
            "alignment_length": 176,
            "rmsd": 0.6794078513044978,
            "rotation_matrix": [
                0.5178596896936111,
                0.4247626797536739,
                -0.742561787111965,
                -41.2761761925437,
                -0.3203562830764418,
                0.9011497057465483,
                0.29206345154153857,
                56.172141985459746,
                0.7932169902894692,
                0.08663644568764312,
                0.6027445002608722,
                63.41097723353994,
                18.504517071457062,
                51.43309094689107,
                -61.29345473376186,
                1.0
            ]
        },
        "last_updated": "2022-11-26T12:12:36.360184"
    },
    "4": {
        "aligned_on": "class_i",
        "alignment": {
            "alignment_length": 176,
            "rmsd": 0.5197042009899171,
            "rotation_matrix": [
                -0.1390091035796841,
                -0.633242751702876,
                0.7613672481383358,
                -41.35829552737147,
                -0.9242955709768937,
                -0.193005154386657,
                -0.32928210982785,
                56.18436358191748,
                0.3554633125858002,
                -0.7495015862531257,
                -0.5584739972546412,
                63.26311928575689,
                4.875409076667644,
                29.920960171656176,
                -11.379403412342066,
                1.0
            ]
        },
        "last_updated": "2022-11-26T12:12:50.880368"
    }
}