{
    "1": {
        "aligned_on": "class_i",
        "alignment": {
            "alignment_length": 176,
            "rmsd": 0.5929229101527339,
            "rotation_matrix": [
                0.7307510914201722,
                -0.5924708318142308,
                0.33908871381628314,
                -41.31773870641533,
                -0.5553692586122442,
                -0.22713545327679874,
                0.79998404512417,
                56.18623289194972,
                -0.39694814393912187,
                -0.7729086616891402,
                -0.49501956699628497,
                63.33786929737438,
                4.656363592647144,
                -15.943630704910243,
                37.521670428189374,
                1.0
            ]
        },
        "last_updated": "2022-11-26T12:40:01.844108"
    },
    "2": {
        "aligned_on": "class_i",
        "alignment": {
            "alignment_length": 176,
            "rmsd": 0.6067954996499177,
            "rotation_matrix": [
                -0.1453145614782101,
                -0.7560894864077393,
                0.6381319352344598,
                -41.35829552737147,
                0.9630277238524843,
                0.03979236440407927,
                0.26644731341605926,
                56.18436358191748,
                -0.2268507908602002,
                0.6532574196125246,
                0.7223527271404793,
                63.26311928575689,
                17.4725511731072,
                -43.54617614095859,
                13.128897694701505,
                1.0
            ]
        },
        "last_updated": "2022-11-26T12:42:01.572680"
    },
    "3": {
        "aligned_on": "class_i",
        "alignment": {
            "alignment_length": 176,
            "rmsd": 0.5597759988203448,
            "rotation_matrix": [
                -0.16400954272459187,
                0.5901847654081815,
                0.7904320417185532,
                -41.31773870641533,
                0.9762333062765944,
                0.2121806419697561,
                0.04413509815975373,
                56.18623289194972,
                -0.14166651549162634,
                0.7788846627411484,
                -0.6109576749129754,
                63.33786929737438,
                13.7362159264528,
                -87.16575553200458,
                0.8790056952698659,
                1.0
            ]
        },
        "last_updated": "2022-11-26T12:39:23.284248"
    },
    "4": {
        "aligned_on": "class_i",
        "alignment": {
            "alignment_length": 176,
            "rmsd": 0.6634103978604488,
            "rotation_matrix": [
                0.5985572518680274,
                0.7595007576538014,
                0.2547308684857348,
                -41.35829552737147,
                -0.35018574120538676,
                -0.03791908396876942,
                0.9359124369979293,
                56.18436358191748,
                0.7204853661890904,
                -0.6494002942671575,
                0.24326959307134957,
                63.26311928575689,
                12.579971589728796,
                -59.93298287825148,
                47.83451137759469,
                1.0
            ]
        },
        "last_updated": "2022-11-26T12:42:19.822158"
    }
}