{
    "1": {
        "aligned_on": "class_i",
        "alignment": {
            "alignment_length": 176,
            "rmsd": 0.5567152420783436,
            "rotation_matrix": [
                -0.5794207340340402,
                0.6512084506954273,
                0.49010118007847725,
                -41.31773870641533,
                -0.22117627708015408,
                0.4531308649888568,
                -0.8635701903443713,
                56.18623289194972,
                -0.784444177381933,
                -0.6087692279815987,
                -0.11852155767737314,
                63.33786929737438,
                -23.01378410648216,
                -23.558948877870808,
                -11.685551116073686,
                1.0
            ]
        },
        "last_updated": "2022-11-26T12:12:58.031419"
    },
    "2": {
        "aligned_on": "class_i",
        "alignment": {
            "alignment_length": 176,
            "rmsd": 0.525457038040792,
            "rotation_matrix": [
                0.6008793415937526,
                -0.6152007280955638,
                0.5103646549248352,
                -41.31773870641533,
                0.21917488045609293,
                -0.48720862976595963,
                -0.8453343260856225,
                56.18623289194972,
                0.7687043570989535,
                0.6198030455170929,
                -0.15791705463571767,
                63.33786929737438,
                -35.332744359970086,
                -66.14069884473629,
                -12.740374946543442,
                1.0
            ]
        },
        "last_updated": "2022-11-26T12:10:41.182656"
    },
    "3": {
        "aligned_on": "class_i",
        "alignment": {
            "alignment_length": 176,
            "rmsd": 0.6784722661838073,
            "rotation_matrix": [
                0.7637445556098392,
                -0.48903755026939894,
                -0.4213508374298485,
                -41.35829552737147,
                -0.034270204838028624,
                -0.6825295535792625,
                0.7300540812510072,
                56.18436358191748,
                -0.644608258430412,
                -0.5431350503488043,
                -0.5380376476101959,
                63.26311928575689,
                -8.498909124173222,
                -18.116693112141963,
                -53.88387500156054,
                1.0
            ]
        },
        "last_updated": "2022-11-26T12:12:10.463840"
    },
    "4": {
        "aligned_on": "class_i",
        "alignment": {
            "alignment_length": 176,
            "rmsd": 0.6078404077541539,
            "rotation_matrix": [
                -0.7617259848749596,
                0.5141961232924178,
                -0.3941774609960869,
                -41.35829552737147,
                0.056544222333321764,
                0.6588312181239216,
                0.7501627669686552,
                56.18436358191748,
                0.6454272033986427,
                0.5491300144923768,
                -0.5309236784101923,
                63.26311928575689,
                -50.75940331545747,
                -71.71248295090413,
                -54.60321599786932,
                1.0
            ]
        },
        "last_updated": "2022-11-26T12:13:02.711617"
    }
}