{
    "1": {
        "aligned_on": "class_i",
        "alignment": {
            "alignment_length": 176,
            "rmsd": 0.8402119276091516,
            "rotation_matrix": [
                -0.4064031827219889,
                0.7068158122526711,
                0.5790059245146245,
                -41.35829552737147,
                -0.9133419545952939,
                -0.29667871253978206,
                -0.27890538808310233,
                56.18436358191748,
                -0.02535600618169967,
                -0.6421784402137264,
                0.766135708523744,
                63.26311928575689,
                -18.71688062629915,
                -7.735784119630059,
                -53.68025580319488,
                1.0
            ]
        },
        "last_updated": "2022-11-26T12:12:27.831578"
    },
    "2": {
        "aligned_on": "class_i",
        "alignment": {
            "alignment_length": 176,
            "rmsd": 0.795822048815239,
            "rotation_matrix": [
                0.4464772670667915,
                0.7295371768351059,
                -0.518105739794525,
                -41.35829552737147,
                0.8944149669045031,
                -0.34699045583144367,
                0.282169258671286,
                56.18436358191748,
                0.026075217540515054,
                -0.5893836875731714,
                -0.8074323202924591,
                63.26311928575689,
                -68.13556818528613,
                11.863159093836497,
                -14.279761401851744,
                1.0
            ]
        },
        "last_updated": "2022-11-26T12:09:40.903307"
    },
    "3": {
        "aligned_on": "class_i",
        "alignment": {
            "alignment_length": 176,
            "rmsd": 0.8999701513870998,
            "rotation_matrix": [
                -0.4836131991454462,
                0.24847386805530228,
                0.8392729058571727,
                -41.35829552737147,
                -0.870883748549269,
                -0.23259991881646963,
                -0.4329650959134525,
                56.18436358191748,
                0.08763429765269048,
                -0.940296769461752,
                0.3288802444883421,
                63.26311928575689,
                -60.27798290686175,
                14.31498295534402,
                -81.87423888119775,
                1.0
            ]
        },
        "last_updated": "2022-11-26T12:12:26.545870"
    },
    "4": {
        "aligned_on": "class_i",
        "alignment": {
            "alignment_length": 176,
            "rmsd": 0.8646383683786705,
            "rotation_matrix": [
                -0.48824494621533315,
                0.1488333453274223,
                0.8599218033134376,
                -41.35829552737147,
                -0.8701971254981316,
                -0.1576982339646135,
                -0.46678499309556953,
                56.18436358191748,
                0.06613497765914367,
                -0.9762068952445943,
                0.2065097150424996,
                63.26311928575689,
                27.677823776548564,
                -13.089914752720771,
                -15.10554537532682,
                1.0
            ]
        },
        "last_updated": "2022-11-26T12:10:26.034221"
    }
}