{
    "1": {
        "aligned_on": "class_i",
        "alignment": {
            "alignment_length": 176,
            "rmsd": 0.8301489309973393,
            "rotation_matrix": [
                -0.38971485293200153,
                0.7084190799999607,
                0.5884426399371457,
                -41.35829552737147,
                -0.9205752570537877,
                -0.2817942623198739,
                -0.27043148822566926,
                56.18436358191748,
                -0.02575906645320154,
                -0.6470969021835967,
                0.7619724861698433,
                63.26311928575689,
                -18.822426160628154,
                26.83686362613331,
                -54.07493734359743,
                1.0
            ]
        },
        "last_updated": "2022-11-26T12:11:59.837186"
    },
    "2": {
        "aligned_on": "class_i",
        "alignment": {
            "alignment_length": 176,
            "rmsd": 0.7696618160752731,
            "rotation_matrix": [
                0.43617413459845533,
                0.7290979412359966,
                -0.5274166440232239,
                -41.35829552737147,
                0.8992825599631681,
                -0.3321398365183943,
                0.28455931955152325,
                56.18436358191748,
                0.03229553612157775,
                -0.5984140047516985,
                -0.8005358688176655,
                63.26311928575689,
                -67.94493163715708,
                45.72493748231367,
                -14.137255681202406,
                1.0
            ]
        },
        "last_updated": "2022-11-26T12:12:03.429167"
    },
    "3": {
        "aligned_on": "class_i",
        "alignment": {
            "alignment_length": 176,
            "rmsd": 0.9215431811662292,
            "rotation_matrix": [
                0.47224743423863796,
                0.25775662004821237,
                -0.8429376523067079,
                -41.35829552737147,
                0.8776260138696914,
                -0.2266572388612924,
                0.42237314764432055,
                56.18436358191748,
                -0.08218844586813391,
                -0.9392486470009399,
                -0.33325221450529663,
                63.26311928575689,
                7.662238634424943,
                24.720312560146503,
                -53.77280107411471,
                1.0
            ]
        },
        "last_updated": "2022-11-26T12:12:58.466248"
    },
    "4": {
        "aligned_on": "class_i",
        "alignment": {
            "alignment_length": 176,
            "rmsd": 0.8541231080924785,
            "rotation_matrix": [
                -0.48214600994588863,
                0.1551803620204559,
                0.8622379487916659,
                -41.35829552737147,
                -0.8747812974088569,
                -0.13906651148102142,
                -0.46413164844489574,
                56.18436358191748,
                0.047884306374178634,
                -0.9780488539064391,
                0.20279924204829916,
                63.26311928575689,
                -94.44634069095957,
                44.99460229006681,
                -15.394056840588085,
                1.0
            ]
        },
        "last_updated": "2022-11-26T12:08:43.992395"
    }
}